1) Иванов Сергей : 5 5 5 5 5 4 5 5 5 4 5 4 4 5 4 4 4 4 4 4 4 4 5 4 5 4 5 5 5 5 5 5 5 4 5 5 5 5 4 4 5 5 5 4 5 5 4 5 4 5 4 5 5 4 5 5 4 4 5 5 5 5 5 4 5 5 5 5 4 5 4 4 4 5 5 4 5 5 4 5
2) Ивановa Алла : 2 2 3 2 3 3 3 2 3 3 3 2 2 3 3 3 3 3 2 2 2 3 2 3 3 2 3 2 3 2 2 2 2 3 2 2 2 3 2 3 2 2 2 2 3 2 3 3 2 3 2 2 3 2 3 3 3 3 3 3 3 3 3 2 2 3 3 3 2 3 3 2 3 2 3 3 2 2 2 2
3) Иванов Сергей : 4 4 5 5 5 5 4 4 4 5 5 5 4 5 5 4 4 4 5 5 5 4 4 4 4 4 5 5 4 5 5 4 5 4 4 5 4 4 5 5 4 5 5 4 5 5 4 5 5 4 4 5 4 5 4 5 4 4 4 5 5 4 4 4 5 4 5 5 4 4 4 4 4 4 4 4 5 5 4 4
4) Ивановa Дарья : 3 4 3 2 2 3 2 5 2 3 4 3 5 2 2 3 5 2 2 2 4 4 3 4 5 5 5 5 2 3 3 4 2 3 2 4 2 2 4 4 4 3 5 2 5 4 3 3 5 3 2 3 4 3 3 4 4 5 3 5 2 3 3 2 3 2 2 4 3 5 3 4 2 2 4 5 4 4 2 4
5) Смирнов Михаил : 4 4 4 4 5 5 5 4 5 5 5 5 5 5 4 5 5 5 5 4 4 5 4 4 4 4 5 4 4 4 5 4 4 4 4 4 5 4 4 5 5 4 5 5 4 4 4 5 5 5 5 4 4 4 5 4 4 4 5 5 5 4 5 5 5 4 5 5 5 5 4 5 5 4 5 5 4 5 4 5
6) Сидоровa Анна : 3 3 3 3 2 3 2 3 3 2 2 2 2 3 3 2 2 2 3 3 3 2 2 3 2 2 2 2 2 3 2 3 3 3 2 2 2 3 3 2 2 3 2 2 3 2 2 2 2 3 3 2 2 2 2 3 3 3 3 2 3 2 2 2 2 2 3 3 2 2 2 3 3 3 2 3 3 2 2 3
7) Иванов Николай : 3 2 4 3 2 2 2 4 3 5 5 5 2 4 3 2 2 3 3 4 2 3 3 3 5 4 5 2 2 5 2 5 3 3 3 5 2 5 4 4 3 4 2 5 4 2 5 3 5 4 5 3 3 2 4 2 2 3 5 4 2 3 5 3 2 4 4 5 2 4 5 2 3 3 2 4 4 5 2 3
8) Ивановa Алена : 4 5 4 4 4 5 4 5 4 4 4 5 4 4 4 5 5 4 5 5 4 4 4 5 4 4 4 5 4 5 4 4 4 5 5 5 4 5 4 5 4 5 4 4 5 5 4 5 5 4 5 4 4 4 4 4 4 4 4 5 4 5 5 4 5 4 5 4 4 5 4 5 5 5 5 5 5 5 4 5
9) Смирнов Михаил : 4 4 4 5 5 5 5 5 4 4 4 5 4 4 4 4 4 5 5 4 5 5 5 5 5 5 4 5 5 5 5 4 4 5 4 5 4 5 5 5 5 5 5 4 5 5 5 4 4 4 5 5 5 5 5 4 5 5 4 5 4 4 4 5 5 5 4 5 5 4 5 5 4 4 4 4 4 5 5 4
10) Сидоровa Анна : 2 2 2 2 2 2 2 2 3 2 3 3 3 2 3 3 3 3 2 3 3 2 3 3 2 3 3 3 3 2 2 3 2 2 2 3 2 3 2 3 3 2 2 2 3 2 3 3 3 3 2 3 3 2 2 2 2 3 2 2 3 2 2 3 2 2 3 2 2 2 3 3 3 3 3 3 2 2 2 3
11) Кузнецов Николай : 3 2 3 3 3 2 3 3 3 2 2 2 3 3 3 2 3 3 2 2 2 2 2 3 2 3 2 3 2 2 3 2 3 2 2 3 3 3 2 2 2 3 2 2 3 3 3 3 2 2 3 3 3 3 2 2 3 2 2 3 2 3 3 2 3 3 3 3 2 3 3 2 2 3 3 2 2 3 3 2
12) Ивановa Дарья : 2 3 3 2 2 3 3 2 2 3 2 3 2 3 2 2 2 2 3 3 3 2 2 3 2 3 3 3 3 3 2 2 2 3 3 3 3 2 3 2 3 2 3 3 2 2 2 3 2 3 2 2 2 3 2 2 3 3 2 2 3 3 2 2 2 2 2 2 3 2 2 2 2 3 3 3 2 3 2 2
13) Петров Андрей : 3 2 3 2 2 3 2 3 3 3 3 3 3 2 2 3 3 2 3 3 2 3 3 2 3 3 3 2 3 2 3 3 2 3 3 2 2 3 2 2 2 2 3 2 2 3 3 2 2 2 2 3 2 2 3 3 2 3 3 2 2 3 2 3 3 2 3 2 2 2 3 2 3 2 3 2 3 2 2 2
14) Сидоровa Алла : 2 3 5 4 2 2 2 3 5 2 5 3 2 3 5 3 4 3 4 5 2 3 5 4 5 5 2 2 5 3 3 5 3 3 3 3 2 5 3 4 4 5 4 3 4 3 2 4 5 2 4 3 2 2 2 2 2 3 3 3 5 2 2 4 5 5 5 2 5 4 4 3 3 3 2 2 4 2 3 2
15) Смирнов Андрей : 5 3 2 3 2 3 5 4 3 5 2 4 3 5 3 5 5 4 5 2 5 4 5 3 4 3 2 2 2 5 4 3 5 4 2 5 5 4 3 3 5 3 3 5 2 5 3 4 4 4 5 5 3 5 5 4 3 5 3 2 3 5 2 4 3 3 2 2 5 3 5 2 3 3 2 2 2 2 2 4
16) Петровa Анна : 2 5 3 2 5 3 4 4 2 5 5 3 4 2 2 3 3 2 3 5 5 5 4 2 4 4 5 5 4 3 4 2 4 4 5 4 3 3 2 2 4 5 2 4 2 5 5 5 2 5 3 2 2 5 3 5 2 2 3 2 2 4 5 3 5 4 2 3 2 2 4 5 3 2 2 3 2 3 3 3
17) Смирнов Николай : 5 5 4 4 5 4 4 4 4 5 5 5 4 5 5 4 5 4 5 4 5 4 5 4 4 4 5 4 5 4 4 4 5 4 4 4 5 5 4 5 4 5 5 5 4 5 4 4 4 4 4 5 4 4 5 5 5 4 4 4 5 5 5 4 5 5 4 5 5 4 5 4 5 4 4 5 5 4 4 5
18) Сидоровa Алена : 4 4 4 4 5 4 4 4 4 5 4 5 5 5 5 5 5 5 4 4 5 5 4 4 5 5 5 5 5 5 4 4 4 5 4 4 4 4 5 4 4 4 5 5 4 4 5 5 5 4 4 5 5 4 4 5 4 4 5 5 4 5 4 4 5 5 4 5 5 4 5 5 5 4 4 5 5 5 5 5
19) Смирнов Николай : 3 2 2 3 2 2 3 3 3 2 2 2 3 2 3 3 2 3 3 3 3 3 2 3 2 3 2 2 2 3 2 3 3 3 2 3 3 2 3 2 2 2 3 2 3 2 2 3 2 2 3 2 2 2 2 2 3 3 2 3 3 2 3 3 2 3 3 2 3 2 3 3 2 2 2 2 2 2 2 2
20) Сидоровa Юлия : 3 2 3 3 2 2 3 2 3 2 2 3 2 3 3 2 2 2 2 3 3 2 2 3 2 2 2 2 2 3 3 2 2 3 2 3 2 2 3 3 3 3 2 3 2 3 3 2 2 3 3 3 2 3 2 2 3 3 3 3 2 2 2 2 2 3 2 3 2 3 2 2 3 2 2 2 3 3 2 2
21) Петров Иван : 4 4 4 4 4 5 5 5 5 4 4 5 4 4 4 5 4 4 4 4 4 5 5 4 4 5 5 4 4 5 4 5 5 5 4 5 4 4 4 5 5 4 5 4 4 5 4 4 5 5 5 5 5 4 5 4 4 5 4 4 5 4 4 4 4 5 5 4 4 4 5 4 4 4 4 4 5 4 5 4
22) Смирновa Анна : 2 2 3 2 2 3 3 3 3 2 2 3 2 2 2 2 3 2 2 2 3 2 3 3 2 3 2 2 3 2 2 3 3 3 2 3 2 2 2 3 2 3 2 2 2 3 3 3 2 3 3 3 3 2 3 3 2 3 3 3 2 2 3 3 3 2 3 3 2 2 2 3 2 3 2 3 2 3 2 2
23) Петров Андрей : 3 3 3 3 2 3 2 2 2 3 3 2 3 2 3 3 2 2 2 3 3 3 2 3 2 2 2 2 3 2 2 3 2 3 3 2 2 2 3 2 3 3 3 2 3 3 3 2 3 3 3 3 3 2 2 2 3 3 2 3 2 3 2 2 3 2 3 3 2 3 3 3 2 2 2 3 2 3 3 2
24) Смирновa Дарья : 5 5 5 4 5 4 5 5 4 5 4 4 5 4 4 4 5 4 5 4 4 5 4 4 4 4 4 5 4 4 5 5 5 4 4 4 5 4 4 4 5 4 5 4 5 4 4 4 4 5 5 4 4 4 5 4 4 4 4 5 4 5 5 5 5 5 4 5 5 5 4 5 4 4 5 5 4 5 4 4
25) Кузнецов Иван : 4 4 5 4 4 5 4 4 5 5 4 5 4 4 5 5 4 5 4 4 4 5 4 5 5 4 5 4 4 5 4 4 4 4 4 5 5 4 4 5 5 4 5 4 4 5 5 4 4 4 4 5 5 4 4 4 5 5 4 4 5 4 5 5 5 5 5 5 5 4 5 4 4 5 5 4 4 4 5 4
26) Петровa Дарья : 4 3 5 5 2 2 5 2 5 3 5 4 4 4 3 2 2 2 4 3 4 5 4 5 3 3 2 2 4 4 4 2 5 2 5 4 3 3 5 5 3 4 3 3 4 5 3 2 2 2 4 5 5 3 5 2 5 4 4 2 3 2 4 3 5 5 5 3 3 5 3 2 4 3 3 5 5 4 3 4
27) Смирнов Андрей : 5 5 4 4 4 5 5 5 5 5 5 5 5 4 4 4 5 4 5 4 5 4 5 4 5 4 4 5 5 5 4 5 4 5 5 4 5 5 4 5 4 5 4 4 5 5 4 4 5 4 4 4 5 4 4 4 4 5 4 4 4 5 5 5 4 5 4 5 5 5 5 5 5 5 5 4 5 5 5 5
28) Ивановa Анна : 3 2 5 2 2 2 3 4 5 4 2 4 4 3 3 3 2 4 5 2 5 3 5 3 4 5 4 3 5 5 2 4 3 3 4 3 3 3 5 5 5 5 5 5 4 4 3 2 4 3 3 4 4 3 4 3 3 2 3 4 5 5 5 5 2 3 5 3 3 3 4 5 5 3 3 5 3 4 3 5
29) Смирнов Николай : 3 2 4 3 2 5 4 2 4 4 2 4 2 5 2 3 3 5 5 3 2 4 2 4 4 3 5 3 2 2 3 5 5 3 2 5 2 4 4 4 2 4 2 3 3 2 3 5 2 4 5 5 5 3 3 4 4 5 5 2 5 5 2 2 5 5 2 4 3 4 3 5 3 3 5 4 5 5 5 2
30) Сидоровa Алена : 4 2 5 5 2 5 2 4 2 3 5 5 4 2 2 4 4 3 5 5 5 3 5 3 2 5 2 3 3 5 5 3 3 3 3 2 5 5 2 4 5 4 4 3 2 2 3 5 2 5 4 2 2 4 5 2 2 2 4 5 2 5 4 4 5 3 3 4 4 4 2 5 5 2 4 3 2 2 4 2
31) Иванов Иван : 5 4 4 4 4 5 5 5 4 5 4 4 4 4 5 4 4 5 4 5 4 4 5 5 5 5 4 5 5 4 4 5 5 5 4 5 5 4 4 5 4 4 4 4 5 5 5 4 4 5 5 4 5 5 4 5 5 4 5 5 5 5 5 4 5 4 5 4 5 4 5 5 4 4 5 4 4 4 4 4
32) Иванов Сергей : 5 4 5 4 4 5 5 4 5 5 4 5 5 5 5 5 5 5 5 5 5 5 5 5 5 5 5 5 4 4 4 5 5 4 4 4 5 5 5 5 5 5 5 4 4 5 5 4 4 4 4 4 5 5 4 5 5 4 5 4 5 5 5 4 4 5 4 4 5 4 5 4 5 5 5 5 5 4 5 5
33) Петрова Юлия : 3 2 3 2 2 3 3 2 3 3 2 3 2 2 3 3 2 3 3 3 2 3 2 2 2 3 2 2 2 2 2 3 2 2 2 3 3 2 3 3 2 2 2 2 2 3 3 3 2 2 3 3 2 2 3 2 2 3 2 2 3 2 2 2 3 3 3 3 3 2 2 2 3 2 2 3 2 2 3 2
34) Петрова Анна : 4 5 5 3 3 3 2 2 3 4 3 5 5 2 4 2 4 5 3 2 4 4 2 4 4 5 3 5 4 2 3 5 4 4 3 3 3 3 2 4 5 2 4 4 2 3 5 2 2 2 4 4 5 2 4 3 3 3 3 5 5 4 4 2 5 5 2 4 4 2 2 3 5 5 3 3 3 5 3 2
35) Петрова Алла : 4 4 4 5 5 4 5 5 5 5 4 4 5 4 4 5 5 4 5 4 5 4 5 5 4 5 5 5 4 5 5 5 5 5 5 5 4 5 5 4 5 5 5 4 4 4 5 5 4 4 4 4 4 5 4 4 4 5 4 5 5 4 5 5 4 4 4 5 5 5 4 4 4 4 4 5 4 5 5 5
