1) Иванов Сергей : 3 5 3 5 2 5 3 5 5 5 4 5 5 5 2 5 2 4 5 4 4 4 4 4 4 4 5 3 2 5 3 3 2 3 2 3 5 4 3 4 2 5 5 2 2 2 3 5 2 5 4 5 3 4 3 4 5 4 2 5 2 2 4 5 4 4 4 5 5 2 4 4 3 5 2 4 2 5 2 2
2) Ивановa Алла : 5 3 3 2 4 3 2 2 2 4 5 3 5 2 3 2 4 4 4 4 5 3 2 4 3 5 4 3 4 3 5 3 3 2 3 4 2 4 2 4 2 3 3 3 4 5 4 4 4 3 2 5 3 4 2 4 5 2 5 2 2 3 3 4 5 3 5 5 3 3 5 5 4 2 5 3 3 3 5 4
3) Иванов Сергей : 4 2 5 5 5 4 2 2 2 5 2 2 5 5 4 2 2 5 4 4 2 3 3 2 5 2 2 4 2 2 2 5 3 5 5 5 5 5 2 2 2 5 4 3 4 5 4 2 3 2 5 5 2 2 5 4 3 4 2 3 4 5 5 3 3 3 3 3 4 5 4 4 2 2 3 5 4 2 3 5
4) Ивановa Дарья : 4 5 4 5 4 5 5 4 4 5 5 4 5 4 5 4 4 4 5 5 4 5 4 4 5 5 4 5 4 5 4 5 5 4 4 5 4 5 4 4 4 4 4 5 4 4 4 5 5 5 4 5 5 4 5 4 4 5 4 4 4 4 4 4 5 5 4 5 5 4 4 5 5 5 4 4 5 5 5 4
5) Смирнов Михаил : 2 3 2 4 4 4 4 2 5 3 2 2 2 5 3 3 5 2 2 4 5 5 3 3 3 3 5 5 5 4 4 3 5 5 4 3 5 2 2 2 3 2 4 5 2 5 5 4 4 2 3 2 2 3 5 4 3 4 2 4 3 4 2 3 5 2 2 3 5 5 2 3 2 4 3 2 3 3 5 3
6) Сидоровa Анна : 3 2 3 2 3 2 3 3 2 2 2 3 3 3 3 2 3 3 3 2 3 2 2 3 2 3 3 2 2 2 3 3 2 3 3 3 3 3 2 2 2 2 2 3 3 2 2 2 2 2 3 3 2 3 3 3 3 2 3 3 2 2 2 3 2 2 3 2 2 2 2 3 2 3 3 3 3 2 2 3
7) Иванов Николай : 4 2 3 5 5 3 5 3 4 3 2 5 4 5 4 5 3 2 2 2 2 2 3 3 5 2 3 4 5 2 5 5 4 2 2 5 4 3 4 3 3 2 2 5 2 2 5 3 4 5 3 3 4 4 2 2 2 3 3 5 2 3 3 3 5 4 2 4 2 2 2 3 5 5 5 2 5 4 5 3
8) Ивановa Алена : 4 4 4 5 4 4 5 4 4 4 5 4 5 4 5 4 5 4 4 5 4 4 5 5 4 4 5 4 5 5 5 4 5 5 4 4 4 5 5 5 5 4 4 5 4 4 4 5 5 5 4 4 4 4 5 4 5 4 4 4 5 5 4 4 4 5 5 4 4 4 4 4 4 4 4 5 4 5 5 4
9) Смирнов Михаил : 5 4 5 5 4 4 4 4 5 5 4 4 5 5 5 4 5 4 5 5 5 4 5 5 4 5 5 5 5 4 4 5 5 4 4 4 5 4 5 5 5 4 5 5 5 4 4 5 4 4 5 4 4 4 5 4 5 5 5 5 4 5 4 5 5 5 5 4 5 4 4 5 4 5 5 5 4 4 5 4
10) Сидоровa Анна : 3 2 3 3 2 3 3 3 2 2 3 3 2 2 2 3 2 3 3 2 2 3 3 3 3 2 3 3 3 3 3 2 2 2 3 3 2 2 3 2 2 2 3 3 3 3 3 2 3 2 3 3 3 3 3 3 3 3 3 2 3 3 2 3 3 2 3 2 2 2 3 3 2 2 2 2 3 2 2 3
11) Кузнецов Николай : 4 5 4 4 5 4 4 4 5 5 4 5 5 5 4 5 5 4 5 5 4 5 5 4 4 5 5 4 4 5 5 5 4 4 4 4 4 4 4 5 5 5 5 5 4 4 4 4 5 4 4 5 4 5 5 5 5 5 4 4 4 5 5 5 5 4 5 5 4 4 5 5 5 5 5 5 5 4 4 5
12) Ивановa Дарья : 4 5 4 5 4 4 5 5 4 5 4 5 4 4 4 5 5 4 4 5 5 5 5 5 4 4 5 4 4 4 4 5 5 5 5 5 4 5 5 4 5 5 5 4 5 4 5 5 4 4 5 5 4 5 5 4 4 4 5 5 4 4 5 4 4 4 5 4 4 5 4 5 5 4 4 4 5 4 5 5
13) Петров Андрей : 3 3 2 3 3 3 3 3 2 2 3 2 3 2 3 2 3 3 2 2 2 2 3 3 3 2 3 3 2 2 3 2 2 2 2 2 2 2 3 2 2 2 2 3 2 3 3 2 3 3 3 3 2 3 2 2 2 2 2 3 2 2 2 3 2 3 2 2 2 2 2 2 2 3 2 2 2 2 3 2
14) Сидоровa Алла : 5 5 4 5 5 5 4 5 5 5 5 5 4 4 4 5 4 5 4 5 5 5 4 4 5 4 5 4 4 5 5 5 5 5 5 4 5 4 5 5 4 4 5 4 4 5 4 5 5 5 5 5 4 4 5 4 4 5 4 4 5 5 4 4 5 5 4 4 5 4 4 4 4 4 5 5 4 4 4 4
15) Смирнов Андрей : 2 2 2 3 2 2 3 3 2 3 3 3 2 3 3 3 2 3 3 2 3 3 2 3 3 2 3 2 3 2 2 3 3 2 2 3 2 2 3 2 2 2 3 2 2 2 2 3 3 3 2 3 2 2 3 3 3 3 2 2 2 3 3 2 2 3 3 3 2 2 3 3 3 2 2 3 2 2 3 3
16) Петровa Анна : 4 4 5 4 5 4 5 4 5 4 4 5 5 5 4 5 5 4 5 5 4 4 4 4 4 5 5 4 5 4 5 5 4 5 4 5 4 5 4 5 4 4 4 4 4 5 4 4 5 4 5 5 5 5 5 4 5 5 4 5 5 5 5 4 4 4 5 4 4 5 4 4 4 4 5 5 4 5 4 4
17) Смирнов Николай : 2 2 3 3 2 2 3 3 2 2 2 3 2 2 3 2 3 3 2 2 2 3 2 2 3 2 2 3 3 3 3 3 2 3 2 2 2 3 3 3 2 2 3 2 3 3 2 3 2 2 2 3 2 2 2 2 3 3 3 3 2 3 2 3 3 3 3 3 2 2 2 3 2 3 2 2 2 3 2 2
18) Сидоровa Алена : 2 2 2 2 4 3 4 2 4 4 4 2 2 4 4 5 2 3 2 5 4 3 3 3 5 2 3 4 5 4 5 5 5 4 5 5 5 5 5 2 5 4 5 4 5 4 2 4 2 5 3 2 3 3 3 3 5 4 4 5 5 3 2 3 4 5 4 2 3 4 4 4 4 4 4 2 4 5 4 4
19) Смирнов Николай : 5 4 4 4 4 4 4 4 5 5 5 4 5 5 5 4 5 5 4 4 4 5 5 4 5 5 4 5 4 4 5 5 4 5 4 5 4 5 4 5 4 4 5 4 5 5 5 5 5 4 4 5 5 4 4 4 4 5 4 5 5 5 4 4 4 5 4 5 4 4 5 4 4 5 5 5 5 5 5 5
20) Сидоровa Юлия : 4 2 4 5 2 2 3 2 2 3 4 4 5 5 5 3 2 4 4 3 3 2 2 5 4 3 5 3 5 5 3 3 2 3 5 5 5 2 4 5 4 3 4 4 4 4 3 2 4 2 2 3 5 4 3 4 4 5 3 5 4 4 3 5 2 5 5 5 2 4 5 5 5 4 3 4 5 3 5 3
21) Петров Иван : 3 3 2 2 2 3 3 3 3 3 3 2 3 3 2 2 3 2 3 2 2 2 3 3 3 2 2 3 3 3 2 2 3 2 3 2 3 2 3 3 2 3 3 3 2 3 2 2 3 3 3 2 2 2 3 2 2 3 3 3 2 2 3 2 2 3 3 2 2 2 3 2 3 2 3 3 3 2 3 2
22) Смирновa Анна : 5 4 5 4 4 4 5 4 5 5 4 4 4 5 5 4 4 5 4 4 5 5 4 4 4 5 5 5 5 4 4 4 4 5 4 5 5 4 4 4 4 5 4 4 5 4 4 5 5 4 4 4 4 4 4 5 5 4 4 4 4 4 5 5 4 5 4 4 5 4 5 5 4 5 5 5 5 5 5 5
23) Петров Андрей : 3 2 2 2 2 3 2 3 2 2 2 2 3 3 2 3 2 2 3 3 3 3 2 2 2 3 3 3 3 3 3 2 3 2 2 3 2 3 2 3 2 2 3 2 2 3 2 3 2 2 3 3 2 3 2 3 2 3 2 3 2 3 2 3 2 2 3 3 2 2 2 3 2 3 2 3 2 3 3 3
24) Смирновa Дарья : 5 3 5 5 2 2 5 2 4 3 2 4 5 2 4 4 2 5 2 3 3 2 2 3 3 3 2 5 2 4 3 5 4 2 4 3 5 3 3 4 5 5 2 5 5 3 4 2 4 4 3 3 2 3 4 2 2 2 2 4 3 2 4 4 3 4 3 5 2 4 3 5 5 4 5 2 4 5 2 3
25) Кузнецов Иван : 3 2 3 2 2 2 3 3 3 2 2 3 3 2 3 2 2 3 3 2 2 3 2 3 3 2 3 2 3 3 2 2 2 3 2 2 3 3 3 2 2 2 3 3 3 3 3 3 2 3 3 2 3 3 3 2 2 2 2 3 2 3 3 2 3 3 2 3 2 3 3 3 3 2 2 2 3 3 3 3
26) Петровa Дарья : 2 3 2 2 3 3 3 2 3 2 2 2 2 3 2 2 2 2 3 2 3 2 3 2 3 3 2 2 2 3 2 2 2 3 3 2 2 2 2 2 2 3 2 3 2 3 2 3 2 2 2 3 3 2 2 2 3 2 2 3 3 3 3 3 2 3 3 3 2 3 2 2 3 3 3 3 2 2 2 2
27) Смирнов Андрей : 4 4 3 2 2 4 3 5 2 2 2 3 5 5 2 5 4 5 3 4 4 3 2 5 4 2 3 4 3 5 3 2 2 3 4 5 2 5 4 3 3 4 2 4 5 2 4 3 2 2 4 2 3 3 3 3 4 2 4 2 2 5 4 4 4 5 4 4 2 5 3 4 4 3 5 3 5 4 5 4
28) Ивановa Анна : 3 3 3 3 2 2 2 3 2 2 2 2 2 2 2 2 2 3 3 3 3 2 2 2 2 3 3 2 2 2 2 2 2 2 2 3 3 2 3 3 3 3 2 3 2 2 3 3 3 2 2 3 2 2 2 3 2 3 2 3 3 2 2 3 3 2 2 3 3 3 3 3 3 2 3 3 2 2 2 3
29) Смирнов Николай : 2 3 2 3 3 3 3 3 3 2 2 3 3 2 2 3 2 2 2 3 3 3 3 2 2 2 3 3 2 2 3 3 3 2 2 3 3 2 2 2 2 3 3 3 2 2 3 2 2 3 2 2 2 3 3 3 2 3 3 2 3 3 2 3 3 3 2 2 3 3 2 2 3 3 2 2 2 2 2 3
30) Сидоровa Алена : 4 5 4 4 5 5 5 4 5 5 5 4 5 4 4 5 4 5 4 5 5 4 5 5 5 5 5 4 5 5 4 5 5 4 4 4 4 4 4 4 4 5 5 5 5 4 4 5 4 4 4 5 4 4 5 5 4 4 5 4 5 4 5 5 4 4 4 5 5 5 4 5 4 4 5 5 4 5 4 5
31) Иванов Иван : 2 5 5 5 2 3 2 2 2 3 5 2 3 4 2 4 3 5 3 3 2 5 3 4 2 5 2 3 5 5 2 5 5 4 3 2 3 2 2 5 3 5 2 4 4 3 5 5 3 4 4 5 2 5 4 5 3 2 3 3 5 3 2 4 4 5 3 3 3 3 4 3 2 4 4 4 2 5 4 3
32) Иванов Сергей : 2 3 3 3 2 3 2 3 2 3 3 2 2 2 3 2 3 3 2 3 2 3 2 3 3 3 2 2 3 2 3 3 3 2 2 2 3 2 2 3 3 3 3 2 2 2 2 2 2 2 3 2 3 3 3 2 2 2 3 2 3 2 2 2 2 2 3 3 3 3 3 2 3 3 2 2 3 2 2 3
33) Петрова Юлия : 4 5 4 5 4 4 5 4 5 5 4 4 5 4 4 5 4 5 4 5 4 4 5 5 5 5 5 5 5 4 4 5 5 4 5 4 4 4 5 5 4 4 5 4 4 5 4 4 4 5 5 5 5 4 5 5 4 4 4 4 5 5 5 4 4 4 5 4 5 5 4 5 4 4 5 5 4 4 4 5
34) Петрова Анна : 4 5 4 4 4 4 4 5 4 5 4 5 4 4 4 5 4 5 5 5 5 4 5 4 5 4 4 5 5 5 4 5 5 4 4 4 4 5 4 5 4 5 4 4 5 5 5 5 4 5 4 5 4 5 5 4 5 4 4 5 4 4 5 4 4 4 4 5 4 5 4 5 5 4 5 4 5 5 5 5
35) Петрова Алла : 2 3 2 2 3 3 3 2 2 3 2 3 3 2 3 2 2 2 3 2 3 3 2 2 3 2 3 3 2 3 2 2 2 3 3 3 3 3 3 2 3 3 3 2 3 2 3 3 2 3 3 3 3 3 3 2 2 3 3 2 2 2 3 2 3 2 2 3 3 3 3 3 3 3 3 2 3 2 3 3
