1) Иванов Сергей : 5 2 3 2 4 4 3 4 5 4 5 5 2 4 5 5 3 2 3 4 4 4 2 3 5 5 5 2 4 4 2 4 3 5 4 5 5 2 5 4 3 5 2 2 3 2 5 5 2 2 4 2 4 4 5 4 4 5 4 3 4 4 4 2 2 5 2 2 3 4 2 3 5 2 3 3 2 3 3 3
2) Ивановa Алла : 2 2 4 4 2 2 4 3 3 2 5 4 2 2 5 2 5 4 3 3 2 3 4 5 2 5 2 3 5 5 4 3 4 3 4 2 3 3 2 3 3 2 2 4 3 2 4 5 5 3 5 2 3 3 3 4 3 2 2 3 2 3 3 5 5 4 3 4 2 5 3 3 2 2 4 4 3 4 2 2
3) Иванов Сергей : 5 4 4 4 4 5 5 4 4 5 4 5 5 5 4 5 5 5 5 4 5 4 5 4 4 5 4 5 4 5 5 4 5 4 4 5 5 4 4 5 4 4 4 4 5 4 4 4 4 4 5 5 4 5 5 5 4 4 4 4 5 4 4 5 5 4 5 4 4 4 4 4 4 4 4 4 4 5 4 4
4) Ивановa Дарья : 3 2 2 3 3 3 2 2 2 3 2 3 3 2 2 2 3 2 3 2 3 2 2 2 3 2 2 2 3 2 2 2 3 2 2 2 2 3 2 2 2 2 2 2 3 2 2 2 3 2 2 2 3 3 2 2 3 3 3 2 3 2 3 2 2 2 2 3 3 2 2 3 2 3 3 3 2 3 2 2
5) Смирнов Михаил : 4 5 4 4 4 5 4 4 5 4 5 5 5 5 5 4 5 5 4 4 5 5 4 5 5 5 4 4 4 4 4 5 5 5 5 4 4 4 5 5 5 5 5 4 4 4 4 4 5 4 5 5 4 5 4 4 4 4 5 4 4 5 4 5 5 4 4 5 4 4 4 4 4 4 5 5 5 5 5 4
6) Сидоровa Анна : 5 4 2 4 3 3 4 4 4 3 5 4 2 5 4 5 4 3 5 2 3 3 5 4 5 3 5 2 3 3 2 3 5 4 5 2 2 4 2 5 3 3 2 3 4 3 4 2 5 5 2 4 4 5 3 4 3 5 2 2 5 3 5 3 4 2 2 3 4 5 5 5 2 5 4 5 3 5 2 5
7) Иванов Николай : 4 4 4 4 5 5 4 5 4 5 4 4 5 4 5 4 5 4 4 4 4 4 5 4 4 4 5 4 4 4 4 5 4 4 4 4 5 4 4 5 5 5 4 5 4 5 4 4 4 4 4 4 4 5 5 4 4 5 4 5 4 5 5 4 4 4 4 4 4 5 4 5 5 4 4 5 5 4 4 5
8) Ивановa Алена : 4 3 2 3 2 2 2 5 2 3 5 5 2 5 3 4 5 2 3 3 4 2 3 3 4 3 5 2 2 2 2 2 3 3 2 5 4 5 2 4 3 4 5 5 2 5 3 3 2 4 5 4 2 5 4 2 4 2 2 4 5 5 4 2 3 3 4 3 4 3 5 5 2 2 5 4 5 4 2 2
9) Смирнов Михаил : 5 5 5 4 5 4 5 4 5 5 5 5 4 5 4 4 4 4 5 4 4 5 4 4 5 5 5 4 4 4 5 4 5 5 4 4 5 5 4 5 5 4 5 5 4 5 4 5 5 4 4 4 5 4 4 5 4 4 5 4 4 5 4 5 4 5 5 4 4 4 4 5 4 4 5 5 5 5 4 4
10) Сидоровa Анна : 3 3 3 2 2 2 3 2 2 3 2 3 2 2 3 2 3 2 2 3 2 3 3 3 2 3 3 3 3 3 2 3 3 3 3 2 3 3 2 2 2 2 3 3 3 2 2 3 2 2 3 3 2 3 3 3 3 3 3 3 3 2 3 3 2 2 3 2 3 3 3 2 3 2 2 3 2 2 2 2
11) Кузнецов Николай : 2 3 2 3 4 2 2 3 5 4 3 3 3 3 4 2 2 5 5 5 5 2 2 5 4 3 5 5 3 2 4 5 3 2 3 4 3 4 4 2 5 4 4 2 2 3 3 5 5 4 3 5 5 5 5 3 2 2 3 3 2 4 4 2 4 5 4 3 2 4 4 3 5 2 5 2 2 4 4 3
12) Ивановa Дарья : 3 2 4 5 2 3 2 5 3 4 3 4 2 5 2 5 2 4 2 5 2 5 4 3 3 5 4 2 4 2 5 3 2 2 5 2 5 3 2 5 3 3 4 5 2 4 5 3 4 5 5 2 5 2 2 5 2 5 5 3 3 4 4 4 5 4 5 3 2 3 3 4 2 4 2 5 3 2 5 2
13) Петров Андрей : 4 4 5 4 4 5 4 4 5 4 4 4 4 5 5 4 5 4 4 5 5 5 5 4 5 4 5 5 5 4 5 4 5 5 5 4 4 4 5 5 4 5 5 4 4 4 4 5 4 5 4 4 4 4 5 4 5 4 4 4 4 4 5 4 4 5 4 5 4 4 5 4 4 5 4 4 4 5 4 4
14) Сидоровa Алла : 2 3 2 3 2 3 3 2 2 3 2 2 3 2 2 2 2 2 2 2 3 3 2 3 2 2 3 2 2 2 2 2 3 2 2 3 2 2 2 2 3 2 3 2 2 3 3 3 3 3 2 3 3 2 2 2 2 2 2 3 3 2 2 2 2 3 2 3 2 3 2 3 3 3 3 2 3 3 2 2
15) Смирнов Андрей : 4 5 4 5 5 5 5 4 5 4 5 4 5 5 4 5 4 4 5 4 4 4 4 4 5 4 5 5 5 4 5 4 5 4 4 5 5 5 4 4 4 5 4 5 5 5 4 5 5 5 5 5 5 5 4 4 4 5 4 5 5 5 4 5 4 4 5 5 5 4 4 5 4 5 5 5 4 4 5 5
16) Петровa Анна : 4 3 3 3 2 5 3 5 4 5 5 2 2 2 5 4 4 3 4 3 4 3 5 5 3 3 5 4 4 2 4 4 2 4 2 5 3 2 4 3 3 4 4 2 4 4 5 2 2 2 5 2 4 4 4 2 5 2 2 3 2 3 3 2 5 5 2 5 5 3 5 4 2 4 3 2 4 2 3 5
17) Смирнов Николай : 3 2 3 4 5 4 5 3 3 2 4 2 2 2 2 3 2 3 2 2 5 2 4 3 4 4 5 4 5 2 3 3 5 5 4 4 4 2 4 5 4 5 5 4 5 4 3 3 3 5 4 3 2 4 3 2 4 5 4 4 3 3 4 5 3 2 2 3 5 4 3 5 2 5 4 3 3 5 3 2
18) Сидоровa Алена : 4 5 5 5 4 5 4 4 5 5 5 5 4 5 5 5 4 4 4 5 4 4 4 5 5 4 4 4 4 4 4 4 4 4 5 4 4 4 5 4 4 5 4 4 4 5 5 5 4 5 4 4 4 5 4 5 4 4 4 5 5 4 4 4 5 5 5 4 5 4 4 5 4 4 5 5 4 5 4 4
19) Смирнов Николай : 2 3 3 3 3 2 3 3 3 3 2 2 3 3 2 3 3 3 2 2 3 3 2 3 2 2 3 2 2 3 2 3 2 2 3 3 2 3 3 2 3 3 2 2 2 3 2 3 3 3 3 2 2 2 2 2 3 2 3 2 2 2 2 3 3 3 3 3 3 2 3 2 3 2 2 3 2 3 2 2
20) Сидоровa Юлия : 3 4 3 4 4 3 2 4 2 4 5 5 5 3 2 5 5 4 3 3 2 3 2 2 2 5 2 2 3 5 3 2 2 4 2 2 3 2 5 2 3 3 2 3 4 2 3 2 2 4 2 5 4 4 5 5 5 5 4 3 5 4 4 3 5 4 3 3 4 2 3 2 5 4 3 4 4 3 2 5
21) Петров Иван : 2 2 2 5 2 2 5 4 4 2 3 3 5 3 4 2 3 5 3 2 2 3 5 3 2 3 2 2 4 2 4 4 5 4 4 5 3 4 5 5 3 3 3 2 2 3 3 5 5 5 5 3 4 2 3 2 3 4 3 5 2 3 3 4 4 3 3 3 3 4 5 5 3 2 3 4 5 2 2 5
22) Смирновa Анна : 3 2 3 3 2 3 3 3 2 2 3 3 3 3 3 3 3 2 3 3 2 2 2 3 3 3 2 2 3 3 3 3 2 2 2 2 2 3 3 3 3 3 2 2 3 3 3 2 2 2 3 2 3 2 3 2 2 2 3 3 2 3 3 3 2 3 3 3 3 3 2 3 2 3 3 2 2 2 3 2
23) Петров Андрей : 5 4 4 4 5 4 5 4 4 5 5 4 4 5 4 4 5 5 5 5 4 4 4 5 5 4 4 4 4 4 5 4 5 5 4 5 5 5 4 5 5 5 4 5 4 5 4 4 5 4 4 4 4 5 5 5 4 4 4 4 4 4 4 5 4 5 5 5 4 4 4 5 5 4 4 4 5 4 4 4
24) Смирновa Дарья : 3 2 3 2 3 3 2 2 3 3 2 2 3 2 3 2 3 2 3 3 2 3 3 3 3 2 2 2 3 3 3 2 2 2 2 2 2 3 3 3 2 3 3 2 2 2 3 2 2 2 2 3 2 3 2 3 2 3 3 3 2 3 3 2 3 3 2 3 3 2 3 2 2 3 2 3 3 2 3 2
25) Кузнецов Иван : 4 4 5 5 4 4 4 4 4 4 4 5 5 5 4 5 5 4 4 4 5 5 4 4 4 4 4 5 5 5 4 5 5 5 4 5 4 5 5 5 5 5 5 4 4 4 5 5 4 4 5 5 5 4 5 4 4 5 4 5 5 4 5 5 4 5 5 4 5 4 5 5 4 4 5 5 5 5 4 5
26) Петровa Дарья : 5 5 4 4 5 5 5 5 5 5 4 5 4 4 5 4 5 5 4 5 4 4 5 5 5 5 5 4 5 4 5 5 4 4 4 4 4 5 4 5 5 4 4 4 4 4 5 5 4 5 5 4 5 4 5 4 4 5 4 4 4 4 4 4 5 4 5 4 4 4 4 5 4 4 4 5 5 5 4 5
27) Смирнов Андрей : 2 3 2 2 2 3 3 3 3 2 2 3 2 3 2 2 3 2 2 3 3 3 3 2 3 3 3 3 2 3 3 2 3 3 2 3 2 2 3 2 2 2 3 3 3 2 3 2 2 3 3 2 2 3 3 3 2 2 2 3 2 2 2 3 3 3 3 3 3 2 2 3 3 3 3 3 2 2 2 2
28) Ивановa Анна : 3 3 2 3 2 2 3 3 2 2 2 3 2 2 2 3 3 2 2 2 2 3 3 2 2 2 2 3 2 2 3 3 3 3 3 3 2 3 2 2 2 2 2 3 3 3 3 3 3 3 2 3 2 2 2 2 3 3 3 3 2 2 3 2 3 3 2 2 2 3 3 2 3 3 2 2 2 2 2 3
29) Смирнов Николай : 4 3 3 5 4 4 3 5 4 4 4 3 3 4 5 3 2 3 4 4 2 5 2 2 3 5 5 4 3 4 2 3 4 5 3 2 5 5 5 4 2 3 4 4 5 3 5 4 5 4 2 2 2 4 3 2 5 4 4 5 2 3 3 5 5 2 2 4 4 4 5 5 2 5 5 2 3 2 3 5
30) Сидоровa Алена : 2 3 3 2 3 3 3 3 3 2 2 2 3 3 3 3 2 2 2 3 3 2 3 2 3 2 2 2 3 3 3 2 2 2 2 2 3 2 3 3 3 2 3 3 2 3 3 3 2 3 3 2 3 3 3 3 2 3 3 3 2 2 2 3 2 3 3 3 2 3 3 2 2 2 3 2 3 2 2 3
31) Иванов Иван : 2 2 3 3 3 2 2 3 2 3 3 2 2 2 2 3 2 3 2 2 3 2 3 3 3 2 2 3 3 3 3 2 2 2 2 3 2 2 2 2 3 2 2 2 2 3 3 2 3 3 2 3 2 3 3 2 2 2 3 3 2 2 3 2 2 2 3 3 3 3 3 3 2 2 2 3 2 3 2 3
32) Иванов Сергей : 2 3 2 2 3 3 2 2 2 3 3 2 3 2 2 3 3 2 3 2 3 2 2 2 3 3 3 3 2 2 3 3 2 2 2 2 2 2 3 3 3 2 3 2 3 2 3 2 3 3 2 2 2 2 3 3 2 2 3 2 2 3 2 3 2 3 2 3 2 2 3 2 2 3 3 2 2 3 2 2
33) Петрова Юлия : 5 4 4 5 4 2 3 5 5 2 4 5 3 2 2 3 4 5 5 3 2 4 3 5 5 3 3 5 5 5 5 2 4 2 3 5 4 3 2 2 3 2 3 4 5 5 4 4 2 3 5 4 2 5 5 4 4 4 5 5 5 5 4 3 5 4 2 2 2 3 5 2 3 3 5 3 5 3 2 5
34) Петрова Анна : 4 5 5 5 4 5 5 4 4 5 5 4 4 4 5 4 5 4 4 4 5 4 5 5 4 4 5 4 4 5 4 4 5 5 5 5 5 5 5 4 4 5 4 5 4 4 5 4 4 4 4 5 5 4 5 5 5 5 5 4 4 4 4 5 4 4 4 4 4 4 4 5 5 5 4 5 4 4 4 5
35) Петрова Алла : 5 4 4 4 4 4 5 4 4 5 4 5 4 4 4 5 4 5 5 5 4 4 4 5 4 4 4 5 4 5 5 4 4 4 4 4 4 4 5 5 4 5 4 4 4 4 5 4 5 5 5 4 5 4 5 4 5 4 5 5 4 5 4 5 5 4 5 4 4 5 5 4 4 4 4 5 5 4 4 5
