1) Иванов Сергей : 5 4 4 5 5 4 5 5 5 5 4 4 4 5 5 5 5 4 4 5 5 5 4 5 4 4 4 5 5 5 4 4 5 5 5 4 4 4 5 5 5 5 4 4 5 4 4 5 5 5 5 5 4 4 4 4 4 4 4 5 4 5 4 4 5 4 5 5 4 4 5 5 4 4 5 5 4 4 4 5
2) Ивановa Алла : 3 2 4 2 5 3 3 5 4 5 5 5 3 4 3 2 5 4 5 5 3 3 5 2 3 2 4 4 5 4 3 3 2 4 2 3 3 3 2 4 5 5 5 2 5 2 2 5 4 2 4 3 3 5 2 3 4 4 2 3 5 5 5 3 4 5 4 4 5 2 3 2 5 4 4 5 5 4 3 4
3) Иванов Сергей : 5 3 4 5 2 2 3 5 3 3 3 3 3 5 2 4 5 5 2 4 3 5 4 2 3 3 4 2 4 5 4 2 3 5 3 5 4 3 4 5 3 4 5 3 4 4 2 3 2 4 5 2 3 5 2 5 3 3 3 2 2 3 2 2 3 5 4 5 5 4 3 3 5 3 4 4 5 4 2 3
4) Ивановa Дарья : 5 2 5 3 4 3 4 5 3 4 4 3 4 2 3 4 2 3 4 3 5 4 2 3 5 3 2 3 2 4 5 5 3 4 3 4 2 3 4 2 4 3 2 2 4 3 4 4 3 2 2 4 5 3 4 3 4 4 3 2 3 4 2 2 3 2 3 4 3 5 5 5 2 4 5 4 4 5 2 3
5) Смирнов Михаил : 5 5 4 4 4 4 5 4 4 4 5 5 5 4 5 5 4 5 5 4 5 4 4 4 5 5 4 4 4 5 4 5 4 5 4 5 5 4 5 5 5 4 5 4 4 4 4 4 5 4 5 4 5 4 5 5 5 4 4 5 5 4 5 4 5 5 5 5 5 4 5 4 4 5 5 4 4 4 4 4
6) Сидоровa Анна : 2 2 2 3 3 2 2 2 2 3 3 3 2 2 3 2 3 3 2 2 2 3 3 3 3 2 3 2 2 3 3 2 2 2 3 2 3 3 2 3 3 2 3 3 2 3 2 2 2 2 2 3 2 3 3 3 3 3 3 3 2 2 3 3 3 2 2 2 2 2 2 2 3 2 3 2 2 3 2 2
7) Иванов Николай : 3 3 3 3 2 2 2 2 2 2 3 3 3 2 3 2 3 2 3 2 3 3 2 2 2 3 2 2 3 2 3 2 3 3 2 3 3 3 2 3 2 3 3 2 2 3 3 2 2 3 2 3 2 3 3 2 2 2 2 2 2 2 3 2 3 3 2 3 3 2 2 2 2 3 3 3 2 2 2 2
8) Ивановa Алена : 5 5 5 4 5 5 4 4 4 5 4 5 5 5 5 5 5 4 5 4 5 5 4 4 4 4 4 5 4 5 5 4 5 4 4 5 5 5 4 4 4 5 4 4 5 5 5 5 5 4 5 5 5 5 5 4 5 4 5 5 5 5 4 5 4 5 4 5 5 5 4 4 5 4 4 4 4 5 5 5
9) Смирнов Михаил : 5 5 5 5 4 5 4 5 4 5 4 4 5 4 5 5 5 4 4 4 4 4 5 5 4 5 4 5 5 5 4 5 4 5 5 4 4 4 4 5 5 4 4 5 4 4 4 5 5 4 4 5 5 4 4 5 4 5 5 5 5 4 4 5 5 5 5 5 5 4 5 4 5 5 5 4 5 5 5 4
10) Сидоровa Анна : 2 3 3 3 2 3 2 2 3 2 3 3 2 2 2 3 2 2 2 3 2 3 2 3 3 3 2 2 2 2 3 2 3 3 2 3 3 2 2 3 2 2 3 2 3 2 3 3 2 2 2 3 2 2 3 3 3 2 2 2 3 3 3 3 3 3 3 2 2 2 2 3 3 2 3 2 2 3 3 3
11) Кузнецов Николай : 4 5 5 4 4 5 4 5 4 5 4 4 4 4 4 4 4 5 4 5 5 4 4 5 5 5 4 4 5 5 4 4 4 5 4 5 4 4 4 4 4 4 5 5 5 5 5 4 4 4 5 5 5 4 5 5 4 4 5 4 5 5 5 4 5 5 5 4 4 5 4 5 5 5 5 5 4 4 4 5
12) Ивановa Дарья : 3 3 2 3 2 2 2 2 3 2 3 2 2 2 3 2 2 3 3 3 2 2 3 2 2 2 2 3 3 3 3 3 2 3 3 3 2 2 2 2 3 3 3 2 2 3 3 2 2 3 2 2 3 2 2 3 2 2 3 3 3 3 2 3 2 2 2 3 2 2 3 2 2 2 2 2 2 2 3 3
13) Петров Андрей : 5 5 4 5 4 4 4 4 5 5 4 4 5 4 4 5 4 4 4 4 4 5 5 5 4 5 5 4 4 4 5 5 5 5 4 4 4 5 4 5 5 5 4 5 5 5 5 5 4 4 4 4 5 5 5 4 4 4 5 5 5 5 4 5 4 4 4 5 4 4 4 4 5 4 5 5 4 5 5 4
14) Сидоровa Алла : 2 3 3 4 4 5 2 2 5 3 5 2 3 5 4 3 3 3 5 4 2 4 3 4 2 3 3 4 4 5 3 4 4 3 4 4 4 4 2 2 2 5 5 2 2 2 2 4 4 4 2 3 2 5 4 2 3 5 2 4 2 5 2 3 5 2 3 3 5 4 4 5 2 2 5 5 2 2 2 5
15) Смирнов Андрей : 2 4 5 4 3 4 3 5 2 2 4 3 5 3 3 2 4 3 2 5 5 3 3 4 3 4 2 2 4 5 5 3 4 3 2 5 4 2 3 2 5 5 2 4 3 3 4 3 3 4 5 3 4 5 5 3 3 3 4 4 3 5 4 2 3 2 2 4 4 2 2 5 2 2 4 5 2 2 5 4
16) Петровa Анна : 4 5 5 4 5 5 4 5 5 5 5 5 4 5 4 5 4 5 4 5 4 5 5 5 4 5 4 5 4 4 4 5 4 4 5 5 5 5 5 4 4 5 5 5 4 4 5 4 4 4 4 4 5 4 4 5 5 4 5 5 5 5 4 4 4 4 5 4 5 5 5 5 5 4 4 5 4 5 4 5
17) Смирнов Николай : 5 5 5 5 5 4 5 5 5 4 5 5 5 5 5 4 4 4 5 4 4 4 4 5 5 4 5 4 4 5 5 5 4 4 5 4 4 4 5 4 5 4 4 5 5 4 5 4 4 5 5 5 4 5 4 4 5 5 5 5 4 4 4 5 4 5 5 4 5 5 4 4 5 4 5 4 4 5 5 4
18) Сидоровa Алена : 4 4 4 5 4 5 5 5 5 4 5 4 5 5 4 5 5 4 4 5 5 5 4 5 4 5 5 5 4 5 4 5 4 4 5 5 4 5 5 4 4 4 4 5 5 4 5 4 4 5 4 5 5 4 4 4 4 4 5 5 5 5 4 5 4 5 5 4 5 4 5 5 5 5 4 4 5 5 4 5
19) Смирнов Николай : 3 3 2 3 3 3 2 3 3 2 2 3 3 3 3 3 2 2 2 3 3 2 2 3 2 2 3 3 2 2 2 3 3 3 2 3 3 3 2 2 2 3 3 2 3 3 2 2 3 3 2 2 3 3 2 2 2 2 3 3 2 2 2 2 2 3 3 2 2 3 3 2 2 2 3 2 2 3 3 2
20) Сидоровa Юлия : 4 4 5 4 5 5 5 5 5 4 4 5 4 5 4 5 4 5 4 5 4 5 5 4 4 5 5 5 5 4 5 4 4 4 5 4 5 5 5 4 5 4 4 4 4 4 4 4 5 5 4 5 5 5 5 5 5 4 4 4 4 5 5 5 5 4 5 5 4 5 5 4 4 5 5 5 4 4 4 4
21) Петров Иван : 4 5 4 5 5 4 5 4 5 4 4 4 5 4 4 4 4 4 4 5 5 5 4 4 5 5 4 4 5 5 4 5 4 5 5 5 4 5 5 5 5 5 4 4 5 4 4 5 4 4 4 4 5 4 4 4 5 4 5 4 5 4 5 5 5 5 4 5 5 5 5 5 5 4 4 5 5 5 5 4
22) Смирновa Анна : 3 3 2 3 2 2 2 2 3 3 2 2 3 3 3 3 2 3 2 2 3 3 2 2 2 2 3 2 3 2 2 3 3 2 2 2 2 3 2 3 3 2 2 3 2 3 3 3 3 3 2 3 3 3 2 3 3 3 2 2 2 3 3 2 3 2 2 2 3 3 2 3 2 2 2 2 2 2 3 2
23) Петров Андрей : 2 3 2 3 3 2 3 3 2 2 2 2 2 3 3 2 3 3 3 2 2 2 2 2 2 2 3 3 2 3 2 3 2 3 2 2 2 3 3 3 3 2 3 3 3 2 2 3 2 2 3 3 2 2 2 2 3 2 2 2 2 3 3 2 2 2 3 3 3 2 2 2 3 3 2 2 3 3 2 2
24) Смирновa Дарья : 4 4 4 4 4 5 5 5 5 5 4 4 4 5 4 5 4 4 4 4 4 5 5 4 4 5 4 5 4 5 5 5 4 5 5 5 4 4 4 4 5 4 4 5 4 4 4 4 5 4 4 4 5 5 4 4 4 4 5 5 5 5 4 4 4 4 4 4 4 4 5 5 4 5 4 5 5 4 5 4
25) Кузнецов Иван : 3 2 5 4 2 3 3 2 2 5 4 2 2 4 3 5 3 2 3 4 5 4 5 2 3 5 5 4 4 3 2 3 2 5 4 4 5 5 2 2 5 4 3 5 4 4 2 4 5 2 4 2 4 4 4 2 4 5 5 3 2 2 2 3 3 4 3 4 2 5 2 2 3 5 2 5 4 3 2 5
26) Петровa Дарья : 5 5 4 4 3 2 4 2 3 4 2 4 3 2 5 4 5 4 4 2 3 3 2 5 4 3 2 4 2 2 4 5 3 2 3 3 4 5 4 2 3 3 4 2 2 3 2 3 3 4 5 2 2 5 5 4 2 5 4 3 4 3 3 3 2 2 4 2 4 5 3 4 4 3 3 2 4 5 5 4
27) Смирнов Андрей : 2 3 3 2 2 3 2 2 3 3 3 3 3 2 3 2 2 3 2 2 2 3 3 2 2 3 2 3 3 2 3 2 3 3 2 2 2 2 3 3 3 3 3 2 2 3 2 3 2 2 2 2 2 2 3 3 3 3 2 3 3 3 3 3 3 2 2 3 2 2 2 3 2 2 3 2 2 3 3 2
28) Ивановa Анна : 5 4 5 5 4 4 4 4 5 5 5 5 4 4 5 4 5 5 5 4 5 5 5 4 5 4 5 5 4 5 5 5 5 5 5 5 5 5 4 4 5 5 4 4 4 4 4 4 5 5 5 4 5 4 5 5 5 5 5 4 4 5 5 4 4 4 4 4 4 4 4 4 5 5 5 4 4 4 4 4
29) Смирнов Николай : 4 5 4 4 5 4 4 4 4 5 5 4 4 5 5 5 4 4 4 4 4 5 4 5 4 4 4 5 5 4 5 4 4 4 4 5 5 5 4 5 5 4 5 4 5 5 4 4 5 4 5 4 4 5 5 4 5 4 5 4 5 4 5 4 5 5 5 4 4 4 4 5 4 4 4 4 5 4 4 4
30) Сидоровa Алена : 2 3 3 3 2 2 3 3 2 2 3 2 3 2 2 2 3 2 2 3 2 2 2 3 3 2 3 2 2 3 2 2 2 3 3 3 2 3 3 2 2 2 2 2 3 2 2 2 2 3 2 3 2 2 3 3 2 2 2 3 2 3 2 3 3 2 3 2 3 2 3 2 2 3 2 3 3 3 3 2
31) Иванов Иван : 2 2 2 2 3 2 2 3 3 2 3 2 2 3 2 3 3 3 2 2 2 3 2 2 3 3 3 3 2 3 2 3 2 3 3 3 2 2 3 3 3 3 2 2 3 2 2 3 3 3 2 3 3 2 2 2 2 2 3 2 3 3 3 2 2 2 3 2 3 3 2 2 3 2 3 3 2 3 3 3
32) Иванов Сергей : 4 5 5 5 4 4 5 5 5 5 4 5 4 4 5 5 5 4 4 5 5 4 5 4 5 4 4 5 5 4 5 5 4 4 4 5 4 5 4 5 5 4 5 5 4 4 5 4 4 4 4 4 4 4 4 5 4 5 4 4 5 4 4 5 4 5 5 5 5 4 4 5 4 5 4 4 4 4 4 4
33) Петрова Юлия : 3 2 2 3 3 2 2 3 3 3 2 3 3 3 3 3 3 3 3 3 2 3 3 3 2 2 2 2 3 2 2 3 2 3 3 2 2 2 3 3 3 3 3 2 2 3 3 3 3 3 2 3 2 2 2 3 2 3 3 2 3 3 2 3 3 3 2 3 3 3 2 2 2 3 3 2 2 2 3 2
34) Петрова Анна : 3 3 3 2 3 3 3 3 2 2 3 2 3 2 3 3 2 3 3 3 3 3 2 2 2 3 2 3 2 3 3 3 2 2 2 3 3 2 2 2 2 3 3 2 3 2 2 3 2 3 2 3 3 3 3 3 2 2 3 2 3 2 3 3 3 2 3 3 2 3 2 3 2 2 3 3 3 2 3 3
35) Петрова Алла : 5 5 5 4 4 4 5 4 5 4 4 4 4 5 4 4 5 5 5 5 4 5 5 5 5 4 4 4 4 5 5 4 5 4 5 4 5 4 5 4 5 4 4 5 4 4 4 4 4 5 4 4 4 4 5 4 5 5 4 4 5 5 5 5 5 5 4 4 5 4 5 4 4 5 5 4 5 5 4 5
