1) Иванов Сергей : 2 2 3 4 5 3 4 5 4 2 5 2 3 5 3 2 4 3 3 3 2 4 4 2 2 5 3 3 3 2 3 2 3 2 4 2 4 2 5 5 4 5 4 4 2 3 4 2 3 4 3 3 5 4 4 2 2 3 2 4 2 4 2 3 4 2 4 2 2 5 2 4 3 4 4 4 4 2 4 5
2) Ивановa Алла : 3 3 2 2 2 3 2 3 2 2 2 3 2 2 2 2 3 2 3 2 3 2 3 2 2 3 2 2 2 2 2 3 2 3 3 2 2 2 3 3 3 3 2 2 2 2 3 2 2 3 2 2 3 3 3 3 3 3 2 2 2 2 2 2 2 2 3 3 3 3 3 2 2 3 3 2 3 3 3 2
3) Иванов Сергей : 5 5 4 5 5 4 5 5 5 5 4 5 5 4 5 4 4 4 4 4 4 5 5 5 4 5 5 5 5 4 5 4 5 4 4 5 4 5 5 4 5 4 4 5 4 5 5 5 4 4 5 5 5 4 4 4 4 4 4 5 4 4 4 5 5 5 5 5 4 4 4 5 4 4 4 5 5 4 5 4
4) Ивановa Дарья : 2 2 2 2 3 3 2 3 3 3 2 3 2 3 2 3 3 2 3 2 2 2 3 3 3 2 2 3 2 3 3 3 2 3 3 2 2 3 3 2 3 3 3 2 3 2 3 2 2 3 2 2 2 2 2 2 2 2 3 2 3 2 3 2 3 2 3 3 3 2 3 3 3 2 2 2 3 2 3 2
5) Смирнов Михаил : 4 4 5 4 4 5 4 5 5 4 5 5 4 5 4 5 4 4 5 4 4 4 5 5 5 5 4 5 4 5 4 5 5 5 5 5 5 4 5 4 4 4 5 5 5 4 4 4 5 4 4 5 5 4 4 5 5 4 4 5 5 4 5 4 5 4 5 5 4 5 4 5 4 5 4 4 5 5 4 4
6) Сидоровa Анна : 5 4 4 5 4 5 5 4 4 5 4 4 5 4 5 5 4 5 4 5 5 4 4 5 5 4 5 4 5 5 4 5 5 5 4 5 5 5 5 5 5 4 5 5 4 4 5 5 5 4 4 4 5 4 4 5 5 5 5 5 5 5 4 5 5 4 4 5 5 4 4 4 5 4 4 5 4 5 4 5
7) Иванов Николай : 5 5 5 4 5 4 5 4 5 5 5 4 4 5 4 5 4 5 5 5 4 4 4 4 4 5 4 5 5 4 4 5 5 5 5 4 4 4 4 5 5 4 4 4 4 5 5 5 4 4 4 4 4 5 4 4 4 4 4 5 5 5 4 5 4 5 4 4 5 4 5 4 4 4 4 5 4 5 4 4
8) Ивановa Алена : 3 4 3 2 4 5 5 5 4 4 2 3 4 5 4 5 5 2 3 3 3 2 4 4 4 5 4 5 2 2 5 5 2 3 2 2 3 2 2 3 2 5 2 5 5 3 2 2 4 4 2 5 5 4 2 2 3 2 2 3 2 3 4 2 2 5 3 4 4 3 3 3 5 2 2 2 3 5 2 3
9) Смирнов Михаил : 5 3 4 5 2 2 3 4 2 3 5 2 2 3 5 5 3 3 3 4 2 5 4 4 2 4 2 4 5 3 2 3 4 3 2 3 5 4 5 2 3 4 3 5 4 2 2 3 2 4 2 5 4 4 3 4 5 2 4 3 4 4 5 3 2 4 2 4 3 2 3 3 2 4 5 2 3 3 3 5
10) Сидоровa Анна : 5 5 5 5 4 4 4 4 4 4 4 4 4 4 4 4 4 4 4 4 5 5 4 4 4 4 4 4 4 4 4 4 4 5 5 5 4 4 4 4 4 4 5 4 4 4 4 4 4 4 4 5 5 5 5 5 4 5 4 5 5 4 5 5 4 4 4 5 4 4 4 5 4 5 4 5 5 4 4 5
11) Кузнецов Николай : 2 3 3 2 2 3 2 3 2 2 2 3 2 2 3 2 2 3 3 3 3 3 2 2 2 3 2 3 2 3 2 2 2 2 2 2 3 3 3 3 3 3 3 2 2 2 2 2 3 2 3 3 2 2 2 3 3 2 2 3 3 2 2 2 3 2 2 3 2 2 3 3 2 2 3 3 2 2 3 3
12) Ивановa Дарья : 5 4 5 4 5 4 4 4 4 5 4 5 5 5 4 5 5 5 5 4 5 4 4 5 4 4 4 5 4 5 5 5 5 4 4 5 5 4 4 5 5 5 4 5 4 5 4 4 5 5 5 4 4 4 5 4 4 5 4 5 5 4 4 4 4 4 4 4 5 5 4 4 4 4 4 5 4 4 4 4
13) Петров Андрей : 2 4 4 2 5 2 3 3 4 2 3 2 3 5 3 2 5 2 2 2 4 5 2 2 3 5 2 3 4 4 3 5 3 4 5 5 2 4 4 4 3 4 4 4 3 2 5 2 3 2 4 5 5 2 3 3 4 3 2 3 4 2 5 3 2 3 2 4 4 4 5 3 5 5 4 2 4 2 5 4
14) Сидоровa Алла : 2 3 2 3 3 3 3 3 3 2 3 3 3 2 2 2 3 3 2 2 3 2 2 3 2 2 3 3 3 2 3 2 3 2 3 3 3 2 3 3 3 3 2 3 2 2 3 2 3 2 2 3 2 3 2 3 2 2 2 2 3 3 2 2 2 2 3 2 2 2 3 2 3 2 3 2 3 2 2 2
15) Смирнов Андрей : 4 5 5 5 5 4 4 5 4 5 5 5 5 5 5 4 5 5 4 4 5 5 4 4 4 4 5 4 5 5 5 4 4 5 5 5 5 4 4 4 4 5 4 4 5 5 4 4 4 4 4 5 5 5 5 4 4 4 5 4 4 5 5 5 4 5 4 5 4 4 5 5 5 5 5 5 5 5 5 5
16) Петровa Анна : 4 5 4 4 4 4 5 4 5 4 5 5 5 5 5 4 5 5 4 5 4 5 4 4 5 5 4 4 4 5 5 4 4 4 4 5 5 4 5 4 4 5 5 5 4 5 4 5 4 4 4 5 4 5 4 4 5 4 4 4 5 5 4 5 4 5 4 4 5 5 5 4 5 5 4 5 5 4 5 4
17) Смирнов Николай : 2 3 4 4 2 4 5 4 5 3 4 5 5 5 3 3 4 4 5 4 2 5 3 5 4 5 3 5 3 5 5 2 5 4 4 3 2 5 4 4 2 5 4 4 5 3 2 2 3 4 2 5 4 5 4 5 5 4 5 4 4 2 2 5 4 4 5 3 3 4 5 5 5 3 3 5 2 4 4 5
18) Сидоровa Алена : 2 2 5 4 3 3 3 5 4 3 3 3 4 5 2 5 2 2 3 3 4 4 3 2 2 5 3 2 4 4 3 2 3 3 5 5 3 3 4 4 5 5 4 5 3 2 4 4 4 4 3 2 3 2 4 2 5 2 4 5 3 2 5 4 5 3 3 2 2 4 3 4 2 3 2 2 3 5 3 2
19) Смирнов Николай : 3 5 5 4 5 4 4 2 4 3 2 3 4 3 5 2 4 3 2 2 5 4 3 2 3 2 2 2 4 5 3 4 4 4 3 4 5 2 4 5 3 3 5 3 3 5 3 5 3 3 4 2 3 3 5 5 2 4 5 2 5 3 3 2 5 5 5 5 4 5 2 2 2 2 4 4 3 2 5 5
20) Сидоровa Юлия : 5 4 4 4 4 4 4 4 4 4 4 5 4 4 4 4 5 5 4 4 5 5 5 5 4 5 4 4 5 5 5 5 4 4 4 4 4 4 4 5 5 4 4 5 4 5 5 4 5 4 4 5 4 5 5 5 5 4 4 5 4 5 5 5 5 5 5 4 4 4 5 5 4 5 4 4 5 4 4 5
21) Петров Иван : 3 2 3 5 3 4 4 3 3 2 2 3 5 3 5 2 5 3 5 3 5 4 3 3 4 4 5 4 2 3 2 3 5 5 2 2 2 3 3 2 4 5 4 2 5 4 5 5 2 3 2 3 3 3 2 5 4 5 4 4 3 3 3 3 2 4 3 4 5 5 2 2 5 3 2 3 3 4 5 4
22) Смирновa Анна : 5 3 3 2 4 2 2 2 4 2 2 2 4 4 2 4 5 3 2 4 5 2 2 4 5 4 2 4 4 3 2 5 4 3 3 5 3 5 4 5 3 2 2 2 2 3 5 3 5 4 4 4 2 3 5 2 4 4 2 5 2 4 4 2 3 2 3 5 2 4 5 2 5 4 2 3 5 5 3 5
23) Петров Андрей : 4 4 4 5 4 5 5 4 5 4 4 4 5 5 5 4 4 5 4 4 5 5 5 5 5 4 4 5 5 5 4 5 5 4 5 5 5 4 4 4 5 5 5 4 5 5 5 5 5 4 4 5 4 5 4 5 5 5 5 4 5 5 4 5 5 5 4 4 4 5 5 5 4 5 4 5 5 4 5 4
24) Смирновa Дарья : 3 4 4 2 4 5 5 3 3 2 2 2 2 2 2 5 3 5 3 2 4 2 3 3 4 4 4 4 2 5 2 3 2 5 5 3 5 5 2 3 3 4 5 2 2 5 4 5 2 2 3 2 3 4 2 3 2 2 3 3 5 4 4 3 5 4 3 2 3 4 5 4 4 4 2 4 2 3 5 5
25) Кузнецов Иван : 5 4 5 5 5 4 5 5 5 4 5 4 5 5 5 4 4 5 5 5 4 4 4 4 5 4 5 5 4 4 4 4 5 5 4 4 4 5 5 5 5 5 5 5 5 4 5 4 4 5 4 4 5 4 4 4 5 5 5 5 4 5 4 5 4 5 4 5 4 5 4 4 5 4 5 4 5 5 4 4
26) Петровa Дарья : 5 5 5 5 5 5 5 4 5 4 5 4 4 5 5 4 4 4 5 4 5 4 5 4 4 4 4 4 5 5 5 5 5 4 4 5 4 4 4 5 5 4 5 4 4 4 5 5 4 5 4 4 5 4 5 4 5 4 5 5 5 4 4 4 4 5 4 4 5 5 4 5 5 4 5 5 5 5 5 5
27) Смирнов Андрей : 5 4 3 5 3 3 2 4 5 5 5 3 4 4 3 3 2 3 5 4 2 2 5 3 2 2 3 4 4 5 3 4 4 2 5 2 3 4 4 5 5 2 4 5 3 3 5 3 2 5 2 5 4 4 3 4 4 5 2 3 3 2 5 2 5 5 4 5 2 4 4 5 4 4 2 5 5 3 2 3
28) Ивановa Анна : 2 2 3 3 3 2 2 3 2 3 3 2 2 3 2 3 3 2 2 3 3 3 3 2 3 2 2 3 2 3 3 3 3 3 3 2 3 3 3 3 2 2 3 3 2 2 3 3 2 3 2 2 3 2 3 2 2 3 3 2 2 3 3 3 3 2 2 3 2 3 3 3 2 3 3 2 3 3 2 2
29) Смирнов Николай : 2 4 4 5 5 4 5 4 3 2 4 2 4 3 2 2 3 3 5 3 3 3 4 4 4 5 4 2 4 3 2 4 3 3 4 3 3 5 2 2 5 3 2 5 4 4 5 5 2 4 3 4 4 2 2 4 5 2 3 3 4 3 3 5 4 3 3 5 2 2 4 5 4 5 2 4 4 2 5 2
30) Сидоровa Алена : 2 3 2 2 2 2 3 3 2 3 3 2 3 3 2 2 2 2 3 3 2 2 2 3 2 2 2 3 3 2 2 2 3 3 3 2 2 3 2 3 3 2 3 3 2 3 2 3 2 3 2 3 2 2 2 2 3 3 3 2 2 3 3 2 2 3 3 3 2 2 3 2 3 2 2 2 3 2 3 2
31) Иванов Иван : 5 2 3 2 5 3 5 5 3 2 5 5 3 2 2 3 5 5 3 4 3 2 4 2 3 4 4 2 2 2 2 2 2 2 2 2 4 2 2 2 3 4 2 4 5 3 3 3 2 5 5 3 3 2 5 2 4 5 5 3 2 5 2 4 2 4 4 4 4 5 5 2 4 3 3 5 3 3 4 3
32) Иванов Сергей : 4 2 4 5 3 3 2 3 5 3 5 3 5 4 5 2 3 5 2 5 5 4 2 3 5 4 2 5 2 2 3 3 5 2 2 3 2 5 5 5 3 5 3 3 5 4 5 3 4 5 3 2 5 5 3 2 5 3 2 2 3 5 5 4 3 5 4 2 4 3 4 5 5 4 2 5 3 3 4 2
33) Петрова Юлия : 4 5 5 4 4 5 4 4 5 5 4 5 4 4 4 5 5 5 4 5 4 5 5 4 5 4 4 5 4 4 5 4 4 5 5 4 4 4 5 5 5 4 5 4 5 4 5 5 4 5 4 4 4 4 4 5 5 4 4 5 5 4 4 4 4 5 4 5 4 5 5 4 5 4 5 4 4 5 5 4
34) Петрова Анна : 4 5 5 5 4 5 4 5 5 4 4 4 4 5 5 4 4 4 5 5 5 4 4 5 4 4 4 5 5 4 4 4 5 5 4 5 5 5 5 4 5 4 4 4 4 4 4 4 4 5 5 5 4 4 4 5 4 4 5 4 5 5 4 4 5 5 4 5 4 4 4 4 4 4 5 5 5 4 5 5
35) Петрова Алла : 4 3 3 2 5 4 5 3 3 3 3 2 5 3 2 3 3 3 4 2 4 2 2 5 4 2 5 2 2 5 4 4 5 3 4 5 3 3 4 5 5 2 2 5 3 2 3 3 3 3 3 2 3 4 4 3 2 3 5 2 4 4 3 4 4 4 3 5 2 5 2 2 2 2 3 5 2 2 2 3
