1) Смирнов Иван : 2 3 2 4 4 4 2 2 3 5 4 3 4 5 5 4 4 3 3 2 3 3 4 3 5 4 5 5 4 2 3 5 3 3 4 5 4 3 4 4 3 3 4 3 4 4 2 4 2 3 3 3 2 2 4 5 5 3 4 2 5 5 2 3 3 5 3 2 3 4 2 2 4 5 5 5 4 4 2 2
2) Кузнецовa Алла : 2 2 3 3 3 2 3 3 3 3 2 3 2 3 3 3 3 2 2 3 2 3 3 2 3 2 2 2 3 3 3 2 2 3 3 2 3 2 2 3 2 2 3 2 3 3 3 2 3 3 2 3 2 3 3 3 2 2 2 3 3 3 3 2 2 2 2 3 2 2 3 2 2 3 3 2 2 2 3 3
3) Кузнецов Сергей : 4 4 4 4 5 5 4 4 5 4 4 5 4 4 4 4 5 5 4 4 4 5 4 4 4 5 4 4 5 4 4 5 4 4 4 5 5 4 5 5 5 4 5 4 5 5 5 5 5 5 5 5 5 4 4 5 5 5 5 4 5 4 4 4 4 4 5 4 4 4 4 4 4 5 4 5 5 4 5 5
4) Кузнецовa Алена : 3 3 2 2 3 3 2 3 2 3 2 2 3 2 2 2 2 3 2 3 3 3 3 2 2 3 2 3 2 3 3 2 3 3 3 2 2 3 3 2 2 3 3 3 3 2 3 3 2 2 2 3 3 2 2 3 2 2 2 3 2 3 2 2 2 3 2 2 3 2 2 2 2 3 2 3 2 3 2 2
5) Иванов Сергей : 2 3 3 2 2 3 2 3 3 2 3 3 2 3 2 3 3 3 2 3 3 3 3 3 2 2 2 3 3 2 3 2 3 2 3 3 3 2 3 3 2 3 2 3 2 2 2 3 2 3 3 3 2 3 3 3 3 3 3 2 2 3 3 3 2 3 2 3 2 2 2 3 3 3 2 3 2 3 3 2
6) Смирновa Юлия : 2 3 3 3 2 3 2 3 2 2 2 3 3 3 2 3 3 2 2 2 3 2 2 3 2 3 2 3 3 2 3 2 3 3 2 3 2 3 3 2 2 3 2 2 2 3 3 3 3 3 3 2 2 3 2 3 2 2 3 3 3 3 2 3 2 3 2 2 2 3 2 3 3 2 3 2 2 2 2 3
7) Сидоров Сергей : 4 5 5 2 4 2 4 3 2 2 2 3 4 5 4 3 4 2 2 2 2 5 5 2 2 3 4 3 3 5 3 4 2 3 4 3 5 4 2 2 5 3 2 5 2 2 3 3 3 5 4 3 4 3 4 3 3 4 3 4 5 4 5 4 3 2 4 4 5 2 5 4 3 2 5 3 2 3 3 4
8) Смирновa Алла : 3 4 4 2 3 4 2 5 3 3 5 4 3 2 4 5 2 3 5 3 5 2 3 4 2 2 2 4 4 2 5 3 5 4 4 5 4 5 3 5 4 3 5 4 4 3 5 3 5 2 2 3 5 5 2 5 3 2 4 4 5 3 3 5 5 4 5 2 5 3 4 2 4 2 3 5 4 5 4 2
9) Смирнов Иван : 5 5 4 4 5 5 4 4 4 5 5 4 5 4 5 4 5 4 4 4 4 4 4 5 5 4 5 4 5 5 5 4 5 4 4 4 5 4 4 5 5 5 5 5 4 4 5 4 5 4 4 4 4 5 5 5 4 4 4 5 5 4 4 5 5 5 4 5 4 4 5 4 5 4 4 5 4 4 4 5
10) Петровa Юлия : 3 2 2 2 2 2 3 2 2 2 2 2 2 3 2 3 2 2 3 2 3 2 2 2 3 3 3 2 3 2 2 2 2 3 2 3 3 3 2 2 3 2 3 3 2 3 2 2 3 3 3 3 2 3 3 2 3 2 3 3 2 2 3 3 3 2 3 2 3 3 3 3 3 3 2 3 2 3 3 3
11) Кузнецов Михаил : 5 4 4 5 5 5 4 5 5 4 5 4 5 4 4 4 5 4 4 5 5 4 5 4 4 5 5 5 4 4 4 4 4 4 4 5 4 4 4 4 4 5 5 5 5 4 5 4 4 5 4 4 4 5 5 5 5 5 4 4 5 5 5 4 5 5 5 5 4 4 4 5 5 4 5 4 5 5 4 5
12) Смирновa Алена : 3 3 2 3 3 3 3 3 2 3 2 3 2 3 3 2 2 2 3 2 2 2 2 2 3 2 2 2 3 3 2 3 3 2 2 2 3 2 3 2 2 3 2 2 2 2 3 2 2 2 2 3 3 2 3 2 3 2 2 2 2 3 2 2 2 2 3 3 2 2 2 3 3 3 2 3 2 2 2 2
13) Петров Михаил : 3 3 3 3 2 3 3 2 2 3 2 3 2 3 3 2 3 2 3 3 3 2 3 3 2 3 3 3 2 2 2 3 2 3 3 3 2 2 3 3 2 2 2 3 3 2 2 2 3 2 2 2 3 2 2 2 3 3 2 3 3 3 3 3 2 3 3 3 2 3 2 2 3 2 3 2 2 3 2 3
14) Сидоровa Алла : 4 4 5 5 5 5 5 4 4 4 4 5 5 5 4 4 5 4 4 4 4 5 4 4 5 4 4 5 5 4 5 4 5 4 4 5 5 4 4 5 5 5 4 4 5 4 4 5 4 4 5 4 4 5 5 4 4 4 5 5 5 4 5 5 4 4 5 4 4 4 5 4 5 5 4 5 4 5 4 4
15) Сидоров Андрей : 5 3 4 4 2 3 5 5 4 5 4 2 5 3 3 2 4 3 3 2 5 2 3 2 5 2 4 2 3 4 5 2 5 2 2 2 4 2 5 4 2 5 4 3 4 3 4 5 5 5 2 2 5 5 4 2 4 5 4 2 2 2 3 5 2 5 4 2 5 4 3 5 3 4 5 2 5 3 5 2
16) Смирновa Дарья : 5 5 4 4 4 4 5 4 4 5 4 5 5 4 5 4 5 4 4 4 4 5 5 4 4 5 5 4 5 5 5 4 4 5 4 5 4 4 5 5 4 4 4 4 4 4 5 5 4 4 5 4 4 5 4 5 5 5 4 5 4 5 5 5 5 5 4 5 4 5 4 4 5 5 5 5 5 5 5 5
17) Сидоров Сергей : 3 3 2 3 2 3 3 2 2 3 2 2 2 2 2 3 3 3 3 2 3 2 3 2 2 2 2 2 2 2 2 2 2 3 3 2 2 3 2 3 3 2 2 3 3 2 2 2 2 3 3 3 2 2 3 2 3 3 2 2 3 2 3 3 2 2 3 3 2 3 3 3 3 3 2 2 2 2 3 3
18) Кузнецовa Алена : 5 5 5 5 5 4 4 4 5 5 5 5 5 5 5 5 5 4 5 5 5 5 5 4 5 4 4 5 5 4 5 5 4 4 4 5 4 5 4 4 4 4 5 4 4 5 5 4 5 5 5 5 4 4 4 5 5 5 5 4 4 4 5 4 4 4 4 5 5 4 4 5 5 5 4 4 5 4 5 4
19) Кузнецов Николай : 2 3 3 2 3 3 2 3 2 3 3 3 3 3 3 2 2 3 2 3 3 3 2 3 2 2 3 2 3 3 3 3 3 3 3 2 2 2 3 2 2 2 3 2 3 2 3 3 3 3 3 2 3 2 2 3 2 3 3 2 2 3 3 3 3 3 3 2 3 3 3 3 2 3 3 2 2 3 3 2
20) Петровa Анна : 4 3 4 3 4 3 3 3 5 3 4 4 3 3 2 4 3 4 5 2 3 4 2 4 2 2 3 4 4 3 4 5 5 5 3 3 3 4 2 5 5 2 4 3 2 2 5 3 4 2 3 4 3 5 2 2 4 2 2 3 4 3 5 2 2 2 2 5 3 3 3 4 5 3 2 3 4 4 5 4
21) Кузнецов Иван : 2 3 2 2 2 2 2 2 3 3 3 3 3 3 2 2 2 3 3 3 3 3 3 3 2 3 3 3 3 2 3 3 2 3 2 3 2 2 3 2 3 2 2 2 3 2 2 3 2 3 2 2 3 2 3 2 3 3 3 3 2 3 3 3 2 2 2 3 3 3 3 2 3 2 2 3 3 2 2 3
22) Смирновa Анна : 5 5 5 4 4 4 4 5 4 5 4 5 5 4 5 4 5 5 5 5 5 4 5 5 5 5 5 5 4 5 5 4 4 5 5 5 4 5 5 4 5 5 5 4 4 4 4 4 4 4 4 4 4 4 5 4 4 5 4 4 5 5 4 4 5 4 5 4 4 5 5 5 5 4 4 4 4 4 4 4
23) Петров Сергей : 4 2 4 2 4 3 3 5 4 4 2 4 3 4 5 4 4 4 5 3 4 3 5 4 5 3 3 2 2 5 3 5 2 5 3 5 4 3 3 5 4 5 2 5 4 5 4 2 2 2 5 3 3 2 2 5 3 2 5 3 4 5 2 2 4 3 3 5 5 2 2 5 4 4 2 2 5 4 2 4
24) Смирновa Алла : 4 4 5 5 5 5 4 5 5 4 5 5 4 5 5 5 5 4 4 4 4 5 4 5 5 4 5 5 5 5 4 4 5 5 5 5 4 4 4 5 5 4 5 5 4 5 5 5 4 4 5 5 5 4 4 5 5 5 5 4 5 5 4 5 5 5 5 4 5 4 4 5 4 5 5 5 4 5 4 4
25) Сидоров Михаил : 2 3 3 2 2 2 2 3 2 2 2 2 3 2 3 3 2 3 2 3 3 2 3 2 3 3 3 3 2 2 2 2 3 2 2 2 2 3 2 2 3 2 3 2 3 2 2 3 3 3 3 2 3 3 2 2 3 2 3 2 3 3 2 3 2 2 2 3 2 2 2 3 2 2 2 2 3 2 3 3
26) Сидоровa Дарья : 2 3 5 5 2 2 4 4 5 4 2 2 4 2 3 4 2 2 4 3 4 4 3 5 5 4 2 3 4 5 3 2 2 3 3 5 5 5 2 5 2 4 4 2 5 3 4 3 5 5 2 3 2 5 3 3 3 2 5 3 3 4 3 2 2 2 5 2 2 2 5 4 5 3 2 3 2 4 5 4
27) Иванов Михаил : 2 2 2 3 2 3 2 3 2 2 2 3 2 3 3 3 3 3 2 2 3 2 3 2 3 2 2 3 3 3 2 3 3 2 3 2 3 3 2 3 2 3 3 2 3 2 3 3 2 2 3 2 3 3 2 3 3 2 2 3 2 2 2 2 3 3 3 3 3 2 2 3 3 3 2 3 3 2 2 2
28) Ивановa Юлия : 4 5 5 4 4 4 5 4 5 5 4 4 4 5 5 5 4 5 5 5 4 5 4 5 4 5 5 4 4 4 5 4 5 5 4 4 4 4 5 5 5 4 4 5 4 5 4 5 4 4 4 4 5 4 4 4 5 4 5 4 5 5 4 5 5 4 4 5 5 4 4 5 4 4 5 5 5 5 5 5
29) Кузнецов Михаил : 3 2 2 2 2 2 2 2 3 3 2 2 2 3 3 2 2 3 3 2 3 3 2 2 3 3 3 2 3 3 3 3 3 2 2 2 2 2 3 2 3 3 3 2 3 2 2 3 3 3 3 2 2 2 2 2 3 3 2 3 3 2 2 2 2 2 2 2 2 3 2 3 2 2 2 3 3 3 3 3
30) Сидоровa Алла : 3 3 3 2 3 3 2 2 2 3 2 3 2 2 2 3 2 2 2 3 3 2 3 3 2 2 3 2 2 3 2 2 2 3 3 2 2 2 3 3 2 3 2 2 2 2 2 2 2 2 3 2 3 2 2 3 2 2 2 2 2 2 3 3 3 3 3 3 3 2 2 3 3 3 3 3 3 3 2 3
31) Иванов Иван : 3 3 3 2 2 2 2 3 3 3 2 2 2 2 3 2 2 2 3 3 3 3 3 2 2 3 3 2 2 3 2 3 2 2 2 3 3 2 2 3 2 2 3 3 2 2 3 3 3 3 2 2 3 2 3 3 3 3 3 2 2 2 2 3 3 2 2 2 2 3 3 3 3 2 3 3 2 2 2 2
32) Иванов Сергей : 3 2 2 3 2 3 2 3 3 2 2 3 2 3 2 3 2 2 2 2 3 2 3 3 3 3 3 3 2 3 3 3 3 2 3 2 3 2 3 3 2 2 2 3 2 2 2 2 2 3 3 3 3 3 2 2 3 2 3 2 2 2 3 2 2 2 3 3 3 3 2 3 2 2 3 2 3 3 2 2
33) Петрова Юлия : 2 3 3 2 2 3 3 3 3 3 3 3 3 3 2 3 2 3 3 3 2 3 3 3 2 3 2 3 2 3 3 3 2 2 2 2 2 2 3 2 2 3 3 2 2 2 3 2 2 3 3 2 2 2 3 3 2 2 3 3 2 3 2 3 2 2 3 3 3 2 2 2 3 2 2 2 2 3 3 2
34) Петрова Анна : 5 5 5 5 4 5 5 4 4 4 4 4 5 5 5 4 4 4 4 4 5 4 5 4 4 4 4 5 5 5 5 4 4 5 5 4 5 4 5 5 4 5 4 5 4 5 5 5 4 5 5 5 4 4 4 4 5 4 5 4 4 5 4 5 5 5 5 4 5 4 5 4 5 5 5 5 5 5 4 4
35) Петрова Алла : 4 3 3 3 2 3 2 5 4 2 5 3 5 5 5 4 5 3 3 2 5 4 4 3 3 3 5 3 4 3 5 4 5 3 5 2 4 5 4 5 5 5 5 2 5 3 4 2 5 3 3 5 2 2 4 3 4 2 5 3 5 5 4 5 4 3 5 5 3 4 5 2 3 4 4 5 5 5 5 2
