1) Смирнов Иван : 4 4 4 5 5 4 5 5 4 5 4 5 5 5 4 5 4 5 5 4 4 5 5 4 5 5 4 4 5 4 5 5 5 4 4 5 4 4 4 4 5 5 5 5 5 5 5 4 5 4 4 4 5 4 4 5 5 5 5 4 5 4 5 5 5 4 5 4 4 5 5 5 4 5 5 4 5 5 5 4
2) Кузнецовa Алла : 5 2 5 4 5 2 3 3 3 3 5 2 2 5 5 4 4 2 4 5 2 2 4 5 4 4 5 3 3 5 3 5 2 3 2 2 4 5 5 2 3 4 3 3 3 2 2 4 5 2 4 4 5 5 2 2 3 3 5 3 3 4 4 5 5 4 3 4 4 2 5 3 3 5 3 4 4 3 2 4
3) Кузнецов Сергей : 2 3 2 3 2 3 2 3 2 3 2 2 2 3 3 2 2 2 2 2 2 2 2 2 3 3 2 2 3 3 3 2 3 3 2 3 2 2 2 3 3 2 2 3 3 2 2 3 2 3 3 3 2 3 3 3 3 2 3 3 3 2 2 2 3 2 2 2 2 3 2 2 3 3 2 2 2 3 2 3
4) Кузнецовa Алена : 4 2 2 2 4 3 3 5 4 5 2 3 5 4 3 4 3 3 2 2 4 2 2 2 5 2 5 3 4 5 4 3 4 2 2 2 2 4 2 3 5 4 4 4 3 2 4 2 5 5 5 5 2 3 3 3 4 3 3 3 5 2 2 3 2 3 4 5 5 2 3 5 3 2 5 4 4 5 3 4
5) Иванов Сергей : 4 4 5 5 5 4 4 5 5 4 5 5 4 5 5 4 5 5 5 5 5 5 5 4 4 4 5 4 4 4 5 4 4 4 4 4 4 5 5 5 5 5 4 4 5 5 4 5 4 5 5 5 4 5 4 4 5 5 5 5 4 5 4 4 4 4 4 4 4 5 5 4 4 4 5 4 4 5 4 4
6) Смирновa Юлия : 4 4 5 4 4 5 4 4 4 5 4 5 4 5 5 4 5 5 5 4 5 5 5 4 5 4 4 4 5 5 5 5 4 4 4 4 4 4 4 4 5 4 4 4 5 4 5 5 4 4 5 5 4 4 4 4 4 5 4 4 4 5 5 4 4 5 5 5 5 4 4 4 4 4 4 5 5 4 5 4
7) Сидоров Сергей : 5 4 5 4 4 4 4 4 4 5 5 4 5 5 4 4 5 5 4 5 4 5 4 4 4 5 4 5 5 4 4 4 5 4 5 5 5 5 4 4 5 4 5 5 4 4 4 5 5 5 5 4 4 4 5 4 4 4 4 5 5 5 5 5 4 4 4 4 5 5 5 5 5 4 4 5 5 5 5 4
8) Смирновa Алла : 2 2 3 3 2 2 2 2 3 2 3 2 2 3 3 3 2 3 3 2 3 2 3 2 3 3 3 2 2 2 2 3 3 3 2 3 2 2 3 2 2 3 3 3 3 3 3 2 3 2 2 2 3 3 2 3 3 3 3 3 3 3 2 2 3 3 2 2 3 3 2 2 3 3 2 2 2 3 3 2
9) Смирнов Иван : 3 4 3 5 4 5 3 3 2 4 3 2 4 4 2 3 4 2 5 3 4 5 5 2 5 4 5 5 4 3 2 4 4 5 5 2 5 2 5 4 4 5 4 3 4 3 3 3 4 5 4 5 2 5 3 3 2 3 5 2 2 3 3 5 5 3 3 2 3 5 3 5 3 3 3 2 2 2 2 3
10) Петровa Юлия : 2 3 3 2 3 2 3 2 2 3 3 3 3 3 3 2 2 3 3 2 2 3 2 2 3 3 3 2 2 3 3 2 3 3 2 3 3 3 3 2 3 2 2 2 3 3 2 2 3 2 2 3 2 3 3 2 2 2 3 3 3 2 2 2 3 2 3 2 2 3 2 2 2 3 2 2 3 2 3 3
11) Кузнецов Михаил : 2 2 4 5 3 3 5 2 3 2 4 2 4 4 3 4 4 3 4 3 5 2 4 4 3 4 3 2 3 2 4 5 2 3 4 5 3 3 4 2 4 2 3 3 3 3 2 5 3 2 5 5 5 4 4 2 4 5 4 2 4 4 5 5 2 2 5 4 2 2 4 4 2 5 4 2 5 2 4 2
12) Смирновa Алена : 2 5 5 2 2 3 2 4 2 5 3 2 5 5 2 4 3 5 5 4 2 3 5 4 4 5 2 4 2 4 3 3 2 5 3 5 2 5 3 2 4 2 2 2 5 3 2 2 5 3 5 2 2 4 5 3 5 3 5 5 4 3 5 5 3 2 5 5 3 3 5 5 5 5 2 5 3 4 3 3
13) Петров Михаил : 2 2 2 3 5 4 5 2 4 2 2 3 3 2 2 2 3 4 2 5 5 2 4 3 2 4 4 5 2 2 5 4 4 2 2 5 4 2 2 2 5 5 3 2 2 5 2 5 3 5 4 3 5 5 2 2 2 2 5 2 4 5 3 3 5 4 5 2 2 3 2 2 5 3 3 4 5 3 5 3
14) Сидоровa Алла : 2 2 3 2 3 2 2 3 2 2 2 3 3 2 2 3 3 3 3 3 2 3 3 3 3 3 2 2 3 3 3 3 3 2 3 2 2 2 3 3 3 2 3 2 2 2 3 3 3 3 2 3 3 2 2 3 3 2 2 2 2 3 3 2 2 2 2 2 3 3 3 3 3 2 3 3 2 3 2 2
15) Сидоров Андрей : 3 2 3 3 2 3 3 2 3 2 3 2 3 3 3 3 2 3 2 2 3 2 2 3 3 2 3 2 3 3 2 3 2 2 2 3 2 2 2 2 2 3 3 3 2 3 3 3 2 3 3 3 2 2 3 2 2 3 2 2 2 2 2 3 2 2 2 3 2 2 3 3 3 3 3 2 2 3 3 2
16) Смирновa Дарья : 2 3 2 3 2 3 2 3 3 2 2 2 3 3 3 3 2 3 2 3 2 3 2 2 3 2 2 2 3 3 2 2 3 2 2 2 2 2 2 2 2 2 3 3 3 3 2 3 2 2 3 3 2 2 3 2 3 3 2 3 2 2 2 3 2 3 3 3 3 2 2 2 3 3 3 2 2 3 3 2
17) Сидоров Сергей : 2 2 2 3 2 2 2 2 3 2 2 2 3 2 3 2 2 3 2 3 3 3 3 2 2 2 3 3 2 3 3 2 3 2 3 2 2 2 2 2 3 3 3 2 3 3 2 3 3 3 2 3 3 3 3 3 2 3 3 2 2 2 3 2 3 3 3 2 3 2 2 3 2 2 2 3 2 2 2 3
18) Кузнецовa Алена : 3 5 3 3 2 2 4 2 5 2 2 2 2 4 5 2 4 3 5 4 2 3 2 2 4 2 3 4 3 5 3 2 5 2 4 2 2 2 2 2 2 2 5 3 3 2 5 3 5 4 5 5 4 4 5 4 4 3 2 3 5 3 3 2 2 2 4 4 4 2 4 4 5 4 3 2 5 5 3 5
19) Кузнецов Николай : 3 4 2 4 5 2 5 5 3 2 4 3 4 2 3 2 5 3 2 3 4 5 5 5 3 5 2 3 3 5 2 5 3 3 4 5 2 3 2 3 4 3 5 2 5 2 3 5 5 3 4 3 2 4 3 2 4 3 5 4 4 4 4 5 2 2 3 5 5 5 2 5 5 5 5 3 4 5 5 2
20) Петровa Анна : 5 4 4 4 5 4 4 5 4 5 4 5 5 4 5 5 5 5 4 4 4 4 5 4 5 4 4 5 4 5 4 5 5 5 4 5 5 5 4 5 4 5 5 5 5 4 5 5 4 4 5 5 4 4 5 5 5 5 4 4 5 4 4 4 4 5 4 5 5 5 5 4 4 5 4 4 5 4 5 4
21) Кузнецов Иван : 5 4 5 4 5 5 5 5 5 5 4 4 4 5 4 5 5 4 4 5 5 4 4 4 4 5 4 5 5 4 5 5 4 5 4 5 4 4 5 5 5 4 5 4 4 5 5 5 5 4 4 5 5 4 4 5 4 4 5 4 4 4 5 4 4 4 4 5 5 5 4 5 5 4 4 4 5 5 4 4
22) Смирновa Анна : 3 3 3 3 3 3 2 2 3 2 2 2 3 2 3 3 2 2 3 2 2 3 3 3 3 2 3 2 2 2 2 3 2 2 3 2 2 3 2 2 3 2 3 2 2 2 3 3 3 2 3 3 3 3 3 2 3 2 3 2 3 2 3 3 3 3 3 3 2 3 2 2 3 3 3 2 3 3 2 2
23) Петров Сергей : 5 5 3 5 5 2 5 5 2 5 2 5 5 4 4 5 5 3 3 5 4 2 4 4 3 3 3 4 2 3 3 4 5 2 4 4 4 2 4 5 4 5 4 2 5 2 4 5 4 4 2 4 3 4 4 5 2 2 3 5 2 5 4 3 4 2 2 5 5 3 3 2 2 3 5 4 5 2 2 2
24) Смирновa Алла : 5 5 5 5 4 5 4 4 5 4 5 4 5 4 4 5 4 4 5 5 5 5 4 4 4 4 4 5 4 5 4 5 5 4 5 5 4 5 5 4 5 4 5 5 4 5 4 4 5 5 4 5 4 5 5 5 5 5 5 5 4 5 5 5 4 4 4 5 5 4 5 4 5 4 5 4 4 4 5 4
25) Сидоров Михаил : 5 4 5 4 5 4 4 4 5 4 5 4 4 4 4 4 5 4 4 4 4 4 4 4 4 5 4 5 5 5 4 4 5 4 4 4 5 4 5 5 4 5 5 4 4 5 5 5 5 4 4 4 5 4 5 4 5 4 5 4 5 5 5 5 4 4 4 5 4 4 5 4 5 5 5 4 5 5 5 4
26) Сидоровa Дарья : 5 4 4 4 4 5 5 5 4 5 5 5 5 4 5 5 4 4 5 4 4 5 5 4 4 4 4 5 4 5 4 4 5 5 5 4 5 5 4 5 4 5 5 5 4 5 5 5 4 5 4 4 5 5 4 4 4 4 4 5 5 4 4 5 5 4 5 4 5 4 5 4 5 5 5 4 5 4 4 5
27) Иванов Михаил : 3 3 3 2 3 3 2 2 3 3 3 2 2 2 3 3 3 3 3 3 3 2 2 3 2 2 3 2 3 2 2 2 3 3 3 2 3 3 3 2 2 3 2 3 2 3 3 2 3 3 3 3 2 2 2 2 3 2 2 3 3 2 2 2 2 2 3 2 2 2 2 3 3 3 3 2 2 2 3 2
28) Ивановa Юлия : 4 4 4 4 4 5 5 4 4 4 4 4 5 5 4 5 4 5 4 4 5 5 4 4 5 5 5 4 4 4 4 4 4 5 4 5 4 4 5 4 5 5 4 5 4 4 5 5 5 5 4 5 5 5 5 5 4 5 4 5 4 4 5 5 4 5 5 4 4 5 4 4 4 5 4 4 4 5 4 4
29) Кузнецов Михаил : 5 5 4 5 4 5 4 5 5 4 5 4 5 4 4 5 5 4 4 5 5 5 5 5 5 5 5 5 5 4 4 5 5 4 4 4 4 5 4 4 5 4 5 4 4 4 4 5 4 5 5 5 5 4 4 5 4 4 5 4 4 4 4 5 5 5 4 4 4 4 5 4 5 5 5 4 4 5 5 5
30) Сидоровa Алла : 2 2 3 3 3 3 3 3 2 2 2 2 3 3 2 3 2 2 3 3 2 2 3 3 2 3 3 2 3 3 2 2 3 3 2 2 2 2 2 2 3 3 2 3 3 3 2 3 3 3 3 2 3 3 3 2 2 2 2 3 3 3 2 3 2 3 3 3 3 3 2 2 2 3 2 2 2 2 2 2
31) Иванов Иван : 3 3 2 2 3 2 3 2 3 3 2 2 3 3 3 3 3 3 2 3 3 3 3 3 3 2 2 2 2 3 2 3 2 3 3 3 3 3 2 3 2 3 2 3 2 3 2 3 2 3 3 2 2 2 3 3 3 2 2 2 2 2 2 2 3 3 2 3 2 2 2 2 2 3 2 2 3 2 3 2
32) Иванов Сергей : 4 4 5 4 4 5 4 5 4 5 4 5 4 5 5 4 4 4 5 5 4 5 5 4 5 4 4 5 5 5 5 4 5 5 5 5 5 5 5 4 4 4 5 5 5 5 5 4 4 4 4 5 5 4 4 5 5 5 5 4 4 4 5 5 4 5 4 4 5 4 5 4 4 5 4 4 5 5 4 5
33) Петрова Юлия : 2 2 3 2 2 2 3 2 3 3 3 2 3 2 2 3 2 3 2 2 3 2 3 2 3 2 3 3 2 3 3 3 2 2 3 2 2 3 3 3 2 2 3 2 2 3 3 3 2 2 2 2 3 3 3 2 2 3 3 2 3 2 3 2 2 3 2 2 3 3 2 2 3 3 3 2 2 3 2 3
34) Петрова Анна : 5 5 5 5 5 5 5 4 4 5 5 5 4 5 5 4 5 5 4 5 5 4 4 5 4 4 5 5 5 4 5 4 5 4 4 5 5 4 4 5 4 5 4 4 4 4 5 4 5 4 5 4 5 4 4 5 5 5 5 4 4 5 4 4 4 4 5 5 4 5 5 4 5 5 5 4 5 5 4 4
35) Петрова Алла : 4 3 2 4 4 4 3 2 3 3 3 5 4 2 2 3 3 3 3 3 4 2 2 3 3 4 5 5 5 4 5 5 4 5 4 5 3 2 2 4 2 2 3 4 4 2 4 3 3 3 5 5 5 2 3 5 4 3 2 3 5 5 3 5 2 5 4 2 3 5 4 5 5 2 5 3 4 2 3 2
