1) Смирнов Иван : 3 3 3 2 2 3 3 2 2 3 3 3 2 3 3 3 3 3 3 3 2 3 3 2 3 3 3 3 3 3 3 2 2 2 2 2 2 3 2 3 3 3 2 2 2 3 2 3 2 3 2 2 2 2 2 3 2 2 3 2 2 2 2 3 2 3 3 3 3 3 3 3 3 3 3 2 3 3 2 3
2) Кузнецовa Алла : 3 2 5 5 2 3 4 4 5 5 3 3 5 2 5 2 3 3 5 4 2 5 5 3 4 4 2 3 5 4 3 2 2 3 5 4 4 5 2 3 2 2 2 2 2 4 3 4 5 5 2 2 5 3 2 2 3 3 4 2 4 5 2 5 5 2 3 2 4 5 5 2 2 5 4 5 4 3 2 4
3) Кузнецов Сергей : 5 5 5 5 4 5 5 5 4 5 5 5 4 5 5 4 5 5 4 4 5 4 4 5 4 5 4 5 5 5 5 5 4 4 5 5 5 5 4 5 4 5 4 4 4 4 5 5 4 4 5 4 5 5 5 4 5 4 4 4 5 5 4 5 4 5 4 5 5 5 5 5 5 4 5 4 5 4 4 5
4) Кузнецовa Алена : 4 4 3 5 4 2 2 4 4 3 4 4 4 3 4 2 3 3 2 4 4 3 4 2 5 4 4 4 3 3 2 3 3 4 3 3 2 3 3 4 4 2 2 4 3 5 4 2 3 2 4 3 5 2 2 2 2 3 2 4 5 5 3 2 4 5 3 4 5 2 5 3 5 4 5 3 3 2 3 4
5) Иванов Сергей : 3 2 5 2 3 5 5 3 3 3 2 4 5 2 4 3 5 3 2 2 4 5 2 4 3 5 3 4 4 4 4 4 2 2 5 4 2 2 2 2 4 4 3 3 4 2 5 3 5 5 4 5 5 4 2 5 3 2 5 5 3 2 4 2 5 2 2 2 5 5 5 5 3 5 4 2 3 5 3 5
6) Смирновa Юлия : 3 3 2 3 2 2 2 3 2 2 2 2 2 2 3 2 2 2 3 3 3 2 3 3 2 2 2 3 2 3 2 3 2 3 2 2 3 3 2 3 3 3 2 2 3 2 2 2 2 2 3 2 3 2 2 2 2 2 2 2 3 2 2 2 3 3 3 3 2 3 2 3 2 2 2 2 3 2 2 2
7) Сидоров Сергей : 5 5 4 4 5 4 4 4 5 5 4 5 4 4 4 5 5 4 4 4 4 4 5 5 4 4 4 4 5 4 5 5 4 4 5 5 5 4 4 4 5 4 5 5 5 5 5 4 5 5 4 5 4 4 5 4 5 5 4 5 5 4 5 5 4 4 5 5 4 4 5 5 4 4 4 4 4 5 4 4
8) Смирновa Алла : 5 5 5 5 5 5 5 5 5 5 4 4 5 5 4 5 5 5 4 5 4 5 4 5 4 4 5 5 5 5 5 4 4 4 5 5 4 5 4 4 4 4 4 5 4 4 4 5 5 4 5 4 4 4 5 4 5 5 5 5 4 4 5 5 4 4 4 4 4 5 4 4 4 4 5 5 4 4 4 5
9) Смирнов Иван : 5 5 5 5 5 5 5 4 4 5 5 5 4 4 5 4 4 5 5 5 4 4 5 4 4 4 4 5 4 5 4 4 5 4 5 4 5 4 5 5 4 5 4 4 4 4 4 5 4 4 5 5 4 4 4 5 4 4 5 4 4 4 4 4 5 5 4 5 4 4 4 5 4 5 5 5 5 5 5 5
10) Петровa Юлия : 5 5 4 5 5 4 5 5 4 5 4 5 4 4 5 5 5 5 5 5 4 4 5 5 5 5 5 4 5 4 5 5 5 5 4 4 5 4 4 5 4 4 4 4 4 4 5 4 5 5 4 5 4 4 4 5 4 4 5 5 4 4 5 5 5 4 5 4 5 4 5 5 5 4 5 4 5 4 4 4
11) Кузнецов Михаил : 4 4 5 4 4 5 4 4 4 5 4 4 4 4 4 4 4 4 4 5 4 5 4 5 4 4 4 4 5 4 4 4 5 4 5 4 5 5 4 5 5 4 5 5 4 4 5 5 5 5 5 4 4 5 5 5 4 5 5 4 5 5 5 4 4 5 5 5 5 4 4 4 5 5 4 5 4 4 5 5
12) Смирновa Алена : 2 3 3 2 2 2 3 3 3 2 2 3 3 3 3 3 3 2 2 2 3 2 2 3 2 3 3 2 2 2 3 2 3 3 2 2 2 3 3 2 2 2 3 2 3 3 3 2 2 2 3 2 3 2 3 3 3 3 2 2 2 2 3 2 2 2 2 2 3 2 3 3 2 2 2 3 3 3 3 3
13) Петров Михаил : 5 4 5 4 4 5 4 4 4 5 4 4 5 5 5 5 5 5 5 5 5 4 4 5 4 5 4 4 5 4 5 4 5 4 5 4 5 4 4 4 4 4 5 4 5 5 5 4 5 4 5 4 4 4 5 4 5 5 5 4 4 4 4 5 4 4 5 5 5 4 4 4 5 5 4 4 5 5 4 5
14) Сидоровa Алла : 4 4 5 5 4 4 4 5 4 4 5 4 4 5 4 5 5 5 4 5 5 5 5 4 4 5 5 5 4 4 4 5 5 5 4 5 5 4 5 4 4 4 4 4 5 5 4 5 4 5 5 4 4 4 4 4 5 5 5 4 4 5 5 4 4 5 5 4 5 4 5 4 4 5 5 5 4 4 5 4
15) Сидоров Андрей : 3 5 4 5 5 2 3 3 4 2 3 5 2 5 5 2 3 2 2 5 4 4 2 5 3 3 3 4 2 3 5 2 5 4 2 2 3 3 3 4 4 3 2 4 4 4 5 3 2 4 4 3 2 2 3 5 2 2 2 3 5 4 2 5 3 2 5 5 3 3 3 5 4 5 3 5 5 2 4 3
16) Смирновa Дарья : 5 5 4 4 2 4 4 5 3 2 3 5 2 3 2 2 5 2 3 5 3 2 4 4 4 5 4 5 5 3 3 2 4 5 3 3 4 4 4 3 5 2 3 4 2 3 4 2 2 2 4 2 4 5 3 5 4 4 5 2 4 3 4 5 2 5 5 5 4 2 5 5 2 2 4 5 2 3 5 2
17) Сидоров Сергей : 2 2 3 2 2 2 3 3 3 3 2 3 3 3 2 3 2 3 2 3 2 2 2 3 2 2 2 3 3 2 2 2 3 3 3 3 2 2 2 3 3 2 2 3 3 2 2 2 2 2 3 3 3 3 2 2 2 2 2 2 2 2 2 3 3 3 2 2 2 3 2 2 2 2 2 3 3 2 2 2
18) Кузнецовa Алена : 2 2 2 2 5 2 3 4 4 2 2 4 4 3 5 3 2 2 3 4 5 4 2 4 3 2 5 5 2 5 5 5 2 5 2 5 4 3 3 4 2 5 2 4 5 3 3 4 4 3 3 2 4 3 2 3 4 2 2 5 5 2 2 4 5 2 5 3 5 4 3 3 2 2 5 5 3 2 3 4
19) Кузнецов Николай : 2 2 3 3 3 2 3 2 3 3 3 3 2 2 3 3 2 3 3 3 2 3 3 2 2 2 2 2 2 2 3 2 2 2 2 3 3 3 3 3 2 2 3 2 3 2 3 3 2 3 2 2 3 3 2 3 2 2 3 2 2 2 3 2 3 3 2 3 3 3 3 3 3 2 3 2 3 3 3 2
20) Петровa Анна : 2 4 3 5 5 4 4 3 3 5 4 5 5 4 2 3 3 2 2 2 2 3 4 3 2 2 3 3 5 5 3 3 4 5 2 2 3 2 4 4 2 3 3 5 4 4 2 4 4 3 4 5 2 4 4 2 4 5 4 5 5 5 2 4 2 3 3 5 5 2 4 2 3 3 4 3 3 4 3 4
21) Кузнецов Иван : 5 2 2 2 4 2 5 3 2 3 4 4 3 2 3 4 5 5 3 5 3 3 4 3 5 2 2 5 5 2 2 4 5 3 2 2 3 3 4 5 3 5 2 2 4 5 5 5 4 5 2 3 2 4 5 5 2 3 3 4 2 2 2 5 5 4 5 4 3 2 5 2 2 4 5 4 2 2 4 3
22) Смирновa Анна : 5 4 3 4 3 3 5 4 2 3 3 5 2 3 3 3 5 5 2 3 5 4 4 5 3 2 4 4 4 2 4 4 2 2 4 5 4 5 4 3 5 3 4 5 2 3 2 4 4 3 4 2 5 4 5 5 5 3 3 5 2 4 4 4 4 5 3 2 4 5 2 5 5 5 2 5 5 5 4 3
23) Петров Сергей : 3 3 2 2 3 2 3 3 2 2 2 2 3 3 2 2 2 3 3 2 3 3 3 2 2 3 3 3 3 3 2 3 3 2 2 3 3 2 2 2 2 2 2 3 2 2 3 2 2 2 2 2 3 2 2 2 3 2 2 2 2 2 3 2 2 3 2 3 2 3 2 2 3 3 2 2 2 3 3 3
24) Смирновa Алла : 3 2 2 3 3 2 2 3 2 2 2 3 3 3 3 2 2 2 3 3 2 3 3 2 2 2 2 3 3 2 2 2 3 3 3 2 2 2 2 2 3 3 3 3 2 2 3 2 2 3 2 3 2 2 3 2 3 3 3 3 3 3 3 2 2 3 2 3 2 3 3 2 2 2 3 3 3 2 2 3
25) Сидоров Михаил : 3 5 2 3 2 2 3 5 3 5 4 4 3 3 2 4 4 5 3 4 3 2 3 3 2 4 4 2 5 4 4 5 5 4 2 5 5 5 4 5 5 4 3 2 3 5 3 5 4 3 5 4 3 4 3 2 2 2 5 2 2 5 2 5 3 5 4 5 5 4 2 3 3 2 2 5 3 5 2 3
26) Сидоровa Дарья : 4 4 4 5 5 4 5 5 5 4 4 5 5 4 4 5 5 4 4 4 5 4 4 4 4 5 4 5 5 5 5 5 5 4 4 4 5 5 4 4 4 4 4 5 5 5 5 5 5 4 5 5 5 4 4 4 4 5 5 4 5 5 4 5 5 4 5 4 4 5 4 5 5 4 4 4 4 4 4 5
27) Иванов Михаил : 3 3 3 2 3 3 2 2 3 2 2 3 2 3 3 3 3 3 2 2 3 3 2 2 3 2 2 2 2 3 2 3 2 3 3 2 3 3 3 3 3 3 3 3 2 2 2 2 3 2 3 2 3 2 2 3 2 2 3 3 2 2 2 2 3 2 2 3 2 3 2 3 2 2 3 2 3 3 3 3
28) Ивановa Юлия : 4 5 4 5 5 5 4 5 4 5 4 5 5 5 4 4 5 5 5 4 4 4 4 4 4 4 4 4 4 5 5 5 5 4 4 5 5 4 4 4 5 4 5 4 4 5 5 4 4 5 5 5 5 4 4 4 5 4 5 4 5 4 5 4 5 5 5 4 4 5 4 5 5 4 5 4 5 4 4 5
29) Кузнецов Михаил : 4 5 4 4 5 5 4 4 4 4 5 4 4 5 4 5 4 4 4 5 4 5 5 5 4 5 4 5 5 4 4 5 4 5 5 4 5 5 4 5 5 5 4 5 5 4 5 4 5 5 5 4 5 5 5 5 4 5 4 5 4 4 5 5 5 4 5 5 5 5 5 5 4 4 5 4 5 4 5 5
30) Сидоровa Алла : 3 4 2 4 3 5 5 3 3 4 5 3 3 2 5 3 4 5 4 3 2 2 4 4 5 4 4 5 2 2 5 4 4 5 3 2 3 2 3 3 2 5 5 5 4 3 2 5 5 4 5 5 3 5 4 2 3 5 4 5 2 3 3 5 3 2 3 2 4 2 2 3 4 4 3 4 4 2 5 4
31) Иванов Иван : 2 3 3 3 2 3 3 3 2 2 3 2 2 2 3 3 2 2 2 3 2 3 2 3 3 3 2 3 3 3 2 2 2 2 3 2 2 3 2 3 2 2 2 2 2 2 3 3 2 2 3 2 2 2 3 2 2 2 3 3 3 2 3 2 3 2 3 2 3 2 2 2 2 3 3 2 3 2 3 2
32) Иванов Сергей : 4 5 5 4 4 5 4 5 5 5 5 4 4 5 5 4 4 5 5 5 5 5 4 4 4 5 5 5 5 5 5 4 5 5 4 5 5 4 5 5 4 5 5 5 4 4 5 4 4 4 4 4 4 5 4 5 4 5 4 5 5 4 4 4 4 5 4 4 5 5 4 4 5 5 5 5 4 4 5 5
33) Петрова Юлия : 4 5 5 4 5 5 4 5 4 4 4 4 4 5 4 5 4 4 5 4 5 5 5 5 5 4 4 4 5 4 4 5 4 4 4 5 5 5 5 4 4 5 5 5 5 5 4 4 4 4 5 4 4 5 4 5 5 5 4 4 5 5 5 4 5 4 4 5 5 4 5 5 5 4 5 4 4 5 5 4
34) Петрова Анна : 5 3 2 5 5 3 4 2 4 3 4 5 5 4 4 3 4 3 5 4 4 2 4 5 2 3 3 3 4 4 2 2 5 2 5 3 5 3 2 5 3 2 3 4 3 3 3 2 2 5 2 5 4 3 3 3 2 2 3 4 3 3 4 3 3 3 3 2 4 2 2 4 5 3 3 4 2 5 2 4
35) Петрова Алла : 3 2 2 2 2 2 2 2 2 3 3 2 3 3 3 2 3 2 2 3 3 2 2 2 3 3 3 2 3 3 2 3 3 3 2 3 3 3 3 2 3 3 3 3 2 3 2 3 2 3 2 2 2 3 3 2 2 2 2 3 2 2 3 2 2 2 2 3 3 3 3 3 2 3 3 3 3 2 2 2
