1) Смирнов Иван : 5 4 5 4 5 5 4 5 4 4 4 5 4 5 5 4 5 4 4 5 5 5 5 4 5 4 4 4 5 4 5 4 5 5 5 4 4 4 5 5 5 4 4 4 5 4 4 4 5 4 4 5 4 5 4 5 4 5 5 5 5 4 5 4 4 4 4 4 4 5 4 4 5 4 5 5 5 4 4 5
2) Кузнецовa Алла : 3 3 3 2 2 3 3 3 3 2 2 2 2 3 2 3 3 3 3 2 2 3 2 2 2 3 3 2 3 3 2 3 3 3 3 2 3 3 2 2 3 2 2 2 3 2 2 2 2 2 3 2 3 2 3 3 2 3 2 2 2 3 3 3 2 2 2 2 3 3 3 2 3 2 2 2 3 2 3 2
3) Кузнецов Сергей : 3 2 2 3 2 3 3 3 2 2 2 3 3 3 3 3 3 2 2 3 2 3 2 3 3 2 3 3 3 3 2 3 3 2 3 2 3 2 2 3 2 3 3 3 3 3 3 2 3 2 2 3 2 3 2 3 3 3 2 3 3 3 2 2 2 2 2 2 3 2 3 3 2 3 2 3 3 3 2 2
4) Кузнецовa Алена : 3 3 2 3 2 2 3 3 3 2 3 2 3 2 3 2 2 3 3 2 2 3 2 2 3 3 3 2 2 3 3 3 3 2 3 2 2 3 3 3 2 3 3 3 3 2 3 2 3 3 2 2 3 3 3 2 2 3 2 2 2 3 3 3 3 3 2 3 3 3 2 2 2 3 3 2 2 2 2 2
5) Иванов Сергей : 2 2 2 3 2 3 3 2 2 3 2 2 2 2 3 2 3 2 3 2 3 2 2 3 2 2 3 3 3 2 2 2 3 3 3 3 2 3 2 3 3 2 3 2 2 2 3 2 3 3 3 2 2 2 2 3 3 3 3 2 3 2 3 3 2 3 3 3 3 3 2 2 2 3 2 3 3 2 2 3
6) Смирновa Юлия : 3 5 5 3 3 5 4 5 4 3 4 3 3 3 5 5 3 2 3 3 2 5 5 4 4 3 4 5 2 3 5 3 2 4 4 2 5 4 3 4 2 3 5 3 5 4 5 4 2 2 2 5 2 5 4 5 5 2 5 4 3 3 5 5 2 3 2 5 5 4 2 3 3 5 5 5 4 4 3 3
7) Сидоров Сергей : 4 5 4 4 4 4 5 4 5 4 4 5 4 5 5 5 4 5 4 5 5 4 5 5 4 4 4 5 5 5 5 4 4 5 4 5 5 5 4 4 4 5 4 5 4 4 5 5 5 4 5 4 5 4 4 5 4 4 5 4 5 5 5 4 4 4 5 5 4 5 4 4 5 5 4 5 5 4 4 5
8) Смирновa Алла : 2 3 2 2 3 3 3 2 2 2 2 3 3 3 3 3 2 3 2 3 3 3 3 2 2 2 3 3 3 3 2 3 3 2 2 3 3 3 3 2 2 2 2 3 2 2 2 2 3 3 3 3 3 2 2 2 2 2 3 3 2 2 2 2 2 2 2 3 3 2 3 3 2 3 3 2 3 3 2 2
9) Смирнов Иван : 5 5 2 4 3 4 4 5 5 2 5 5 3 2 2 5 2 4 3 3 4 3 3 4 4 4 5 2 5 5 5 3 4 3 5 4 2 4 2 2 2 3 3 4 3 5 2 3 2 3 2 3 5 4 5 3 2 3 5 5 2 4 2 4 3 3 4 5 3 5 4 4 3 3 4 2 4 5 3 2
10) Петровa Юлия : 2 3 2 2 3 3 2 3 2 3 2 3 2 3 3 2 3 2 2 2 2 3 3 3 3 3 2 2 3 2 2 2 3 2 2 2 3 3 2 2 2 3 3 3 3 2 3 3 2 2 3 2 2 2 3 2 2 2 3 2 3 3 3 3 2 2 3 2 3 2 2 2 3 2 3 3 2 3 3 3
11) Кузнецов Михаил : 4 4 4 5 5 4 4 5 4 4 5 4 4 4 5 4 5 4 4 5 5 4 5 4 5 5 5 4 4 4 5 5 5 4 5 5 4 4 5 4 5 4 4 4 4 5 4 4 4 5 4 5 4 5 5 4 4 4 4 4 4 4 4 4 4 4 5 4 4 5 4 4 4 5 5 4 4 5 5 5
12) Смирновa Алена : 2 3 3 3 2 2 2 2 3 2 3 3 2 3 2 2 3 2 3 2 2 3 2 3 3 2 3 3 3 2 2 2 3 2 2 3 2 2 3 2 2 3 3 3 3 2 2 3 2 3 2 3 2 2 2 3 3 2 3 2 3 2 2 2 3 2 3 2 2 2 2 2 2 3 3 2 3 3 3 3
13) Петров Михаил : 3 2 2 2 2 3 3 2 2 2 3 3 2 3 3 3 3 2 3 3 3 2 2 2 2 3 3 3 2 3 3 2 3 3 3 2 2 3 2 2 2 3 3 3 2 2 3 2 2 3 3 3 3 3 2 3 3 2 3 3 2 3 2 2 3 2 3 2 2 3 3 3 2 3 2 3 3 3 3 2
14) Сидоровa Алла : 5 5 5 5 4 5 4 4 5 4 5 4 4 5 5 4 5 5 5 5 4 5 4 4 4 4 5 4 4 5 4 4 4 5 5 4 5 5 5 4 4 5 4 4 5 4 4 5 4 4 5 5 4 5 5 5 4 5 4 5 5 4 4 5 5 4 4 4 5 4 4 4 5 5 5 4 4 4 4 4
15) Сидоров Андрей : 5 4 4 5 4 5 4 4 5 4 4 4 5 5 5 4 5 5 5 4 4 5 4 5 5 5 4 5 4 4 4 5 4 4 5 4 4 4 5 5 5 4 4 5 5 4 5 5 5 5 4 5 5 4 4 5 4 4 4 5 4 4 4 5 5 5 5 4 5 4 4 4 4 4 5 5 5 4 4 5
16) Смирновa Дарья : 3 4 3 3 2 3 5 3 4 4 4 5 5 5 5 2 2 3 4 5 4 2 5 3 3 4 4 3 5 5 3 2 3 3 3 4 4 5 5 3 5 3 4 2 3 4 4 3 5 2 5 2 3 3 2 2 5 4 4 5 4 5 4 2 3 3 5 4 3 4 3 4 2 4 2 5 2 3 3 3
17) Сидоров Сергей : 3 2 3 2 2 3 2 2 3 3 3 2 3 3 2 2 2 3 2 2 2 3 3 2 3 3 2 2 3 3 3 2 2 2 2 2 2 2 2 3 3 3 3 3 2 3 3 3 3 2 3 2 2 3 2 3 3 3 2 2 3 2 3 3 3 3 2 3 2 2 2 3 3 3 2 3 2 3 2 2
18) Кузнецовa Алена : 2 2 3 3 3 2 2 2 3 3 3 3 3 2 2 2 3 2 3 2 2 3 3 3 2 3 2 2 2 3 2 3 3 2 3 3 2 2 3 2 2 3 2 3 3 2 3 2 2 3 2 2 2 3 2 3 3 3 2 3 2 3 3 2 2 2 2 3 3 3 2 2 3 2 3 2 2 2 3 3
19) Кузнецов Николай : 2 3 5 2 4 4 5 5 2 4 2 5 4 2 4 2 2 3 3 2 2 5 5 3 4 2 2 4 2 3 4 5 5 2 2 3 5 4 2 2 2 5 4 5 4 4 3 4 3 2 5 3 5 4 4 5 5 2 5 3 5 4 2 2 5 2 2 5 3 2 4 5 5 4 2 2 5 4 2 4
20) Петровa Анна : 4 4 5 4 4 4 4 4 5 4 4 4 4 5 5 4 4 5 5 5 4 5 5 5 5 5 5 5 5 5 4 4 4 4 4 4 4 5 4 5 4 5 5 5 5 5 5 5 4 4 5 4 4 4 5 4 4 4 5 4 5 5 5 5 5 5 4 4 4 4 4 5 5 4 5 4 5 5 4 4
21) Кузнецов Иван : 4 4 5 4 5 5 5 4 4 5 4 4 5 4 5 5 5 5 5 5 5 4 5 4 4 4 4 5 5 5 5 4 4 5 4 4 5 4 4 4 4 5 4 4 4 5 4 5 5 5 4 4 5 4 4 5 4 4 5 5 4 4 4 5 5 5 4 4 4 4 5 4 5 4 4 5 5 5 4 5
22) Смирновa Анна : 2 3 2 2 2 3 2 3 2 3 2 3 2 2 2 2 2 2 3 3 2 3 2 3 2 2 2 3 2 2 2 2 3 3 3 3 2 2 3 3 2 2 3 2 3 3 3 3 3 2 2 2 2 2 2 2 2 2 2 2 3 2 3 2 2 2 2 2 3 3 2 2 3 2 2 3 3 3 3 2
23) Петров Сергей : 2 3 2 2 2 2 3 2 2 3 2 3 3 3 2 3 3 3 3 3 3 2 2 3 3 2 2 2 3 2 2 2 3 2 2 2 2 2 3 2 2 2 3 2 3 2 2 3 3 3 3 3 2 3 2 2 3 3 3 2 3 2 2 3 3 3 2 3 3 3 3 2 3 2 2 2 3 2 2 2
24) Смирновa Алла : 2 2 3 3 3 3 2 2 3 3 2 2 2 3 3 3 3 3 2 2 2 2 3 3 2 3 3 2 2 3 2 2 3 3 3 3 3 2 2 2 2 3 3 3 3 2 2 3 2 2 3 2 2 3 2 2 3 3 2 2 2 2 2 2 2 3 3 2 2 3 3 3 2 2 2 2 2 3 2 2
25) Сидоров Михаил : 4 5 5 5 4 4 5 4 5 4 5 5 5 5 5 4 4 4 4 5 4 5 5 4 4 5 5 4 5 4 5 4 5 4 5 4 5 4 4 5 4 5 5 4 4 4 5 4 5 5 5 5 4 4 4 5 4 5 5 5 5 5 4 5 4 5 5 4 4 4 5 5 5 4 5 4 5 5 4 5
26) Сидоровa Дарья : 4 2 2 3 2 2 4 3 4 4 2 3 2 3 2 5 3 3 2 2 3 3 3 5 2 3 5 5 3 2 5 3 4 2 2 4 5 3 5 3 3 3 5 2 2 3 4 4 3 2 2 3 4 3 4 4 5 3 3 3 3 2 2 5 3 2 2 5 2 2 5 5 2 2 3 2 3 5 4 4
27) Иванов Михаил : 3 3 3 3 3 2 3 3 2 3 2 3 3 3 2 3 2 3 2 3 3 3 2 3 2 2 2 2 3 2 2 2 2 2 3 2 3 3 3 2 3 3 2 2 3 3 3 2 2 3 3 2 2 3 2 2 3 2 2 2 2 2 3 3 3 2 2 2 3 2 3 2 3 3 2 3 2 2 2 3
28) Ивановa Юлия : 3 3 3 3 2 3 3 2 3 2 2 2 2 2 3 3 3 2 2 3 3 3 2 2 2 2 2 2 2 3 2 2 2 2 3 2 3 3 3 3 3 2 3 2 3 3 2 2 2 3 2 3 3 2 3 3 2 3 3 3 2 2 2 3 2 3 2 2 2 2 3 2 2 3 2 3 2 3 3 2
29) Кузнецов Михаил : 2 5 3 5 3 3 3 3 3 2 5 2 3 5 4 2 2 4 4 5 5 5 2 4 2 2 3 2 5 4 2 5 4 2 2 5 5 4 5 4 5 5 2 4 3 5 5 5 5 5 5 3 2 2 3 2 5 5 5 3 4 4 4 5 2 3 4 4 2 5 3 2 4 3 3 5 4 4 4 5
30) Сидоровa Алла : 2 4 3 5 5 5 5 5 4 4 4 4 3 4 5 2 2 5 2 3 4 5 5 2 4 2 5 2 5 4 3 4 4 4 5 3 2 3 4 4 3 4 5 4 2 3 4 5 5 5 5 2 3 5 3 5 3 3 5 2 3 2 5 4 2 2 2 5 4 5 3 5 4 5 4 2 2 3 4 3
31) Иванов Иван : 3 2 2 2 3 4 3 5 5 5 3 4 5 4 5 3 3 2 3 4 5 3 3 3 3 2 3 3 4 2 3 4 5 3 4 4 4 5 4 4 3 3 3 5 4 4 3 2 5 3 3 5 5 5 5 2 4 5 2 3 5 3 2 4 2 2 3 2 4 2 3 3 4 3 5 5 3 2 5 5
32) Иванов Сергей : 4 2 4 4 4 4 4 2 5 3 2 2 5 2 4 5 3 4 5 3 4 5 4 3 3 5 5 4 2 5 5 4 4 5 4 3 3 2 3 2 2 4 5 5 3 3 4 5 5 4 3 3 3 5 4 4 2 4 3 3 5 2 4 5 2 2 5 2 3 2 5 5 2 2 4 4 5 5 2 3
33) Петрова Юлия : 3 2 3 3 2 2 3 3 2 3 3 2 2 2 3 3 3 2 3 2 2 3 2 3 2 3 3 3 3 2 3 3 2 3 2 2 3 2 3 3 2 2 3 2 2 2 3 3 2 2 3 2 3 3 2 2 3 3 2 3 3 2 3 2 2 2 3 3 2 3 2 3 2 2 2 2 3 2 2 3
34) Петрова Анна : 4 4 4 4 5 5 5 4 4 4 4 4 4 4 5 4 4 5 5 5 4 5 5 4 4 4 4 5 4 4 5 5 4 5 4 5 4 4 4 5 5 5 5 4 5 4 5 5 4 4 5 4 4 5 5 4 5 4 5 4 4 4 4 4 4 4 5 4 4 4 4 4 4 4 5 4 5 5 4 4
35) Петрова Алла : 3 2 3 2 3 2 2 2 2 3 2 3 2 3 3 3 3 3 3 3 2 3 3 3 3 3 3 2 3 3 2 3 2 3 2 3 2 2 3 3 3 3 2 2 2 2 3 2 3 3 2 3 2 2 3 3 2 3 3 3 2 3 2 2 3 2 3 2 2 3 3 2 2 2 2 2 3 2 3 2
