1) Смирнов Иван : 5 4 2 5 4 2 2 2 3 5 4 4 3 5 4 2 2 5 3 4 2 5 5 4 4 2 4 2 3 2 4 3 2 5 3 2 3 3 4 4 5 2 4 3 4 5 5 4 2 4 3 3 5 4 4 4 2 4 3 3 4 3 4 5 4 2 2 5 4 2 4 3 5 4 3 5 5 2 2 4
2) Кузнецовa Алла : 4 4 4 4 5 4 5 4 5 5 4 4 5 4 5 5 5 4 5 5 4 4 4 4 5 4 5 4 4 4 4 4 4 5 5 5 4 4 4 5 5 4 4 5 4 4 4 4 5 5 4 4 4 4 5 4 4 5 4 4 5 4 5 5 5 5 5 4 4 5 5 4 5 4 4 5 5 4 5 4
3) Кузнецов Сергей : 4 5 4 5 4 5 4 4 5 5 4 5 4 5 4 4 5 5 5 5 4 4 4 5 4 5 4 5 4 4 4 5 4 4 4 4 5 5 5 4 4 4 4 5 4 5 4 4 5 4 4 4 5 4 4 5 4 4 4 4 5 4 4 5 4 5 5 4 4 4 4 4 4 4 4 4 4 5 5 4
4) Кузнецовa Алена : 3 3 2 3 2 3 2 2 2 3 2 3 2 3 2 2 2 2 2 3 2 3 2 3 2 2 3 2 3 2 2 3 2 2 3 3 2 2 2 3 3 2 2 3 2 3 2 3 2 2 3 3 3 3 3 3 3 2 3 3 3 3 3 3 3 3 3 2 2 3 3 3 2 3 2 2 3 2 2 3
5) Иванов Сергей : 4 4 5 4 5 5 5 4 4 5 4 4 5 4 5 4 5 5 5 4 4 5 4 5 4 4 5 4 5 4 5 4 5 4 5 4 5 4 5 5 4 5 5 4 4 5 4 4 5 5 5 5 4 4 5 4 5 5 5 5 5 4 4 5 5 4 5 4 4 4 4 4 5 4 4 4 5 4 5 5
6) Смирновa Юлия : 5 3 3 4 5 5 2 2 5 4 4 4 2 4 5 4 3 2 2 2 4 2 3 2 4 5 3 3 4 3 3 4 3 3 3 3 3 2 5 4 4 4 2 4 5 5 2 4 5 5 5 3 5 5 3 5 3 4 2 5 5 4 2 4 4 2 5 3 5 2 4 2 2 3 5 4 2 4 5 3
7) Сидоров Сергей : 5 4 5 4 4 4 4 4 5 5 5 5 4 4 4 4 4 5 5 5 5 5 5 5 4 5 4 4 5 5 4 4 4 5 5 4 4 4 4 4 5 5 4 4 4 4 4 4 4 5 5 5 4 5 5 5 5 5 4 4 5 5 4 5 5 4 5 5 4 4 4 4 4 4 5 5 4 5 5 5
8) Смирновa Алла : 5 4 4 4 4 5 4 4 4 4 4 4 4 4 4 4 4 4 5 4 4 5 4 5 4 5 5 5 4 4 4 4 4 5 4 5 4 5 4 4 4 4 4 4 5 4 4 5 4 4 5 5 4 5 4 5 5 5 4 5 4 4 4 5 5 5 4 5 4 5 4 5 4 4 5 5 4 5 4 5
9) Смирнов Иван : 5 4 4 5 4 5 4 4 4 5 5 5 4 5 5 4 5 5 5 4 5 5 5 5 4 4 4 4 4 4 5 4 4 4 5 4 5 4 5 5 4 4 4 5 4 4 5 4 4 4 4 4 4 5 5 4 4 5 4 4 5 5 5 4 5 4 4 4 4 4 5 4 5 5 5 4 4 4 5 5
10) Петровa Юлия : 2 5 5 5 2 5 3 4 3 3 4 3 4 4 2 4 2 5 5 3 5 5 3 4 5 5 3 2 5 5 2 3 4 3 4 5 5 3 5 5 3 2 2 3 4 4 2 2 2 4 2 3 5 2 4 2 5 5 4 2 4 4 3 2 2 4 4 5 2 5 3 2 4 3 3 3 3 5 5 3
11) Кузнецов Михаил : 5 5 5 5 4 4 4 5 5 5 4 5 5 4 5 4 5 5 5 5 4 5 4 5 4 5 4 5 4 4 5 5 4 5 4 4 4 5 5 5 5 4 5 4 4 4 5 4 5 5 4 4 5 4 5 4 4 5 5 4 5 5 5 5 4 5 5 5 5 5 5 5 4 4 4 4 5 5 5 4
12) Смирновa Алена : 3 2 2 3 2 2 2 2 3 2 3 2 2 3 3 3 3 2 3 2 3 2 2 2 3 2 3 3 2 2 2 3 3 3 3 2 3 3 2 2 3 2 3 2 3 3 2 3 3 2 3 3 2 2 2 2 3 2 3 2 2 3 3 3 2 3 2 2 2 2 2 2 2 2 3 3 3 2 3 3
13) Петров Михаил : 2 5 4 4 4 4 3 4 5 3 3 2 5 4 3 5 5 4 4 4 3 3 3 3 4 2 5 4 4 4 2 5 5 3 2 4 3 5 5 3 5 3 2 5 3 5 3 3 5 3 3 4 4 2 4 2 5 2 4 2 3 5 3 5 2 3 5 5 4 4 2 3 3 4 2 2 2 4 3 5
14) Сидоровa Алла : 4 4 4 5 4 5 4 4 4 5 4 4 5 4 5 5 5 5 5 5 5 4 4 5 4 5 4 4 5 4 5 5 5 4 4 4 5 4 4 4 4 5 4 4 5 5 4 5 4 5 5 5 5 5 4 5 5 4 4 5 5 4 5 4 4 4 5 4 4 5 4 5 5 5 4 5 5 4 5 5
15) Сидоров Андрей : 5 5 4 4 5 5 4 5 4 4 4 5 4 5 4 4 4 4 5 5 5 4 4 4 5 4 5 5 4 4 4 5 4 4 5 5 4 5 5 5 5 5 4 5 4 5 5 5 4 5 5 5 5 4 5 4 5 4 4 5 4 5 4 4 5 5 5 5 4 4 5 4 4 4 4 5 5 4 5 5
16) Смирновa Дарья : 5 4 4 4 5 4 5 4 5 4 4 5 5 5 5 5 4 4 5 4 5 5 5 5 4 5 4 5 4 5 4 4 5 4 5 5 4 5 5 4 4 5 5 4 4 5 4 5 5 5 4 5 4 5 4 5 4 5 5 5 5 4 4 4 5 4 4 4 4 5 5 5 5 5 4 5 4 4 4 4
17) Сидоров Сергей : 5 3 4 4 4 5 5 3 2 2 5 4 2 2 3 2 3 5 4 2 3 5 2 5 5 5 4 3 4 2 4 4 3 2 5 2 4 3 4 3 5 2 3 2 3 3 4 2 4 4 4 2 2 4 5 5 3 3 4 2 3 2 5 5 4 5 3 5 5 3 2 5 3 3 2 4 2 4 4 3
18) Кузнецовa Алена : 2 3 3 2 2 2 3 2 2 3 3 3 2 3 2 2 3 3 2 2 3 3 3 2 3 2 2 2 2 2 2 2 3 2 2 3 3 2 3 2 3 2 3 2 2 2 2 3 3 2 3 3 3 2 3 2 2 2 2 2 3 3 2 2 2 3 3 3 2 3 3 3 3 3 3 2 3 2 2 3
19) Кузнецов Николай : 5 3 4 5 3 5 2 3 5 3 3 5 2 4 3 2 5 3 3 5 4 2 2 5 2 4 4 4 3 3 5 3 3 2 5 4 3 5 5 5 3 4 5 3 5 4 4 3 2 4 4 3 4 4 3 5 4 5 4 3 5 4 5 2 3 4 2 3 3 5 5 4 2 5 4 4 4 5 3 3
20) Петровa Анна : 4 5 5 4 5 5 4 4 5 4 4 5 5 4 5 4 5 5 4 4 4 5 4 4 4 5 4 4 5 4 4 5 4 4 5 4 5 4 4 4 4 4 5 4 5 5 5 5 5 4 4 5 4 4 5 5 4 4 5 4 5 4 5 5 4 4 4 4 4 5 5 5 5 4 4 4 4 5 5 5
21) Кузнецов Иван : 3 2 5 2 2 4 3 5 5 3 2 3 2 5 2 4 3 4 4 2 4 4 4 5 4 5 3 2 4 2 5 3 3 5 5 5 3 5 3 2 4 2 2 4 4 5 2 2 2 4 5 3 4 2 4 4 3 3 3 5 2 4 4 2 3 2 2 2 3 3 4 3 3 2 3 4 4 2 3 3
22) Смирновa Анна : 3 3 3 2 3 3 2 2 3 2 3 3 3 3 2 3 3 2 3 2 2 2 3 3 2 3 3 2 2 3 3 2 3 2 2 3 2 3 2 3 3 2 2 2 2 2 2 2 2 3 2 2 2 3 2 3 2 2 3 2 2 3 2 3 2 3 2 2 3 2 2 2 2 3 2 2 2 2 3 3
23) Петров Сергей : 4 5 5 4 5 4 5 5 5 5 4 4 4 5 5 4 4 5 5 4 4 5 4 4 4 5 5 5 5 5 4 5 4 4 5 4 5 5 4 5 5 4 5 5 5 4 5 4 4 5 4 4 4 5 4 4 5 4 5 5 4 5 5 4 4 5 5 4 4 5 4 4 4 5 4 4 5 5 4 5
24) Смирновa Алла : 4 5 4 4 5 5 4 5 5 4 4 4 4 4 4 4 4 5 5 5 4 4 4 5 4 4 4 4 5 4 5 4 5 5 5 5 5 4 5 4 5 4 4 4 5 5 4 5 5 4 5 4 5 5 5 4 5 4 5 4 4 4 5 4 4 4 5 4 5 4 5 5 4 5 4 5 4 5 5 4
25) Сидоров Михаил : 2 3 3 2 3 3 2 2 2 2 2 2 3 2 2 3 2 3 3 3 3 3 3 3 3 2 3 3 3 2 2 3 3 2 2 3 3 3 3 3 3 3 2 2 2 2 2 3 2 2 2 2 2 2 2 3 3 2 3 2 2 2 3 2 2 2 2 3 3 2 2 2 3 3 3 2 2 3 2 3
26) Сидоровa Дарья : 2 2 3 2 2 2 3 3 3 2 3 2 2 3 3 2 3 3 3 2 2 3 2 3 2 3 2 2 2 2 3 2 2 3 3 3 3 3 3 3 2 3 2 3 3 2 2 3 3 3 2 2 3 3 2 3 2 2 2 2 3 2 3 2 2 3 2 2 3 3 3 2 2 3 2 3 2 3 3 3
27) Иванов Михаил : 3 3 3 3 3 3 3 2 3 3 2 3 3 3 2 3 3 3 2 2 2 3 3 2 3 3 3 2 3 2 2 3 3 2 3 3 3 2 3 3 3 3 3 2 3 3 2 3 3 3 2 3 2 3 3 3 3 3 2 3 3 2 3 3 3 3 3 2 3 2 3 2 2 3 3 3 3 2 2 2
28) Ивановa Юлия : 5 4 5 5 4 5 5 4 4 4 4 5 5 4 5 5 5 4 4 4 5 4 4 4 4 5 4 5 5 5 4 5 4 5 4 4 4 4 4 4 5 5 4 5 5 4 4 5 4 5 5 5 5 4 5 5 5 5 5 5 4 5 4 5 4 4 5 4 4 5 5 4 4 4 4 5 5 5 5 4
29) Кузнецов Михаил : 3 4 3 4 4 5 5 2 4 4 3 4 3 5 4 5 2 3 2 3 3 4 5 2 3 3 3 2 5 2 3 5 2 4 2 4 4 3 4 2 2 2 2 4 2 3 2 5 4 2 3 2 3 2 5 3 2 2 5 2 4 3 3 5 5 4 5 2 2 2 3 5 4 4 5 3 4 5 3 2
30) Сидоровa Алла : 2 2 3 2 5 4 2 4 4 5 4 3 5 4 2 3 2 2 3 4 2 4 3 2 3 5 4 5 5 5 4 4 2 5 2 5 5 4 3 5 4 2 2 4 2 2 5 3 5 3 2 2 2 4 3 5 2 5 5 4 5 3 2 4 3 3 3 2 4 4 4 5 2 2 2 3 2 5 4 4
31) Иванов Иван : 2 2 3 2 2 2 2 2 3 3 3 2 3 2 2 2 3 2 2 3 2 2 3 3 3 3 3 2 2 2 2 3 2 3 3 2 3 3 3 2 2 3 2 3 3 2 2 2 3 3 3 2 2 3 2 3 2 2 2 2 3 2 2 2 2 3 2 2 2 3 3 2 3 2 2 3 2 3 2 3
32) Иванов Сергей : 2 2 2 2 2 3 2 3 2 2 3 2 2 3 2 3 2 3 2 3 3 2 3 3 2 2 2 2 3 2 3 3 3 2 2 2 3 3 3 3 3 2 3 2 3 2 2 2 3 2 3 2 3 3 2 3 3 3 3 2 3 3 2 2 2 3 3 3 2 3 2 2 3 3 3 2 3 3 3 2
33) Петрова Юлия : 3 2 5 4 2 2 2 2 3 2 4 5 5 5 5 3 5 3 4 5 4 4 2 3 5 2 5 3 5 4 3 2 3 5 5 3 4 3 3 4 2 5 2 2 3 2 3 3 2 4 2 2 2 2 4 2 4 5 3 3 4 5 5 4 5 3 5 5 3 3 4 4 2 5 5 4 5 4 4 5
34) Петрова Анна : 3 2 2 3 2 3 3 2 2 2 2 3 3 2 3 3 3 3 3 2 3 3 3 2 2 2 2 2 3 2 3 3 3 3 3 2 3 2 2 2 3 2 3 3 2 2 2 2 2 2 2 3 2 2 2 2 2 3 3 2 2 3 2 2 2 2 2 2 3 2 3 3 2 2 2 3 2 3 3 3
35) Петрова Алла : 5 5 4 5 4 4 4 4 4 4 5 5 4 4 4 5 5 5 4 4 4 4 4 5 4 4 5 5 4 5 5 4 4 5 4 4 4 4 4 5 4 5 4 4 5 5 4 4 4 5 5 4 5 5 5 5 4 4 5 5 4 4 5 4 5 5 5 4 4 5 5 4 4 5 5 4 4 4 4 4
